# unix_time, cycles_done, cur_path, paths_total, pending_total, pending_favs, map_size, unique_crashes, unique_hangs, max_depth, execs_per_sec
1503419418, 0, 0, 4, 4, 4, 0.38%, 0, 0, 1, 130.08
1503419424, 0, 0, 25, 25, 4, 0.47%, 0, 0, 2, 126.52
1503419429, 0, 0, 28, 28, 4, 0.47%, 0, 0, 2, 122.59
1503419434, 0, 0, 32, 32, 4, 0.49%, 0, 0, 2, 124.88
1503419439, 0, 0, 34, 34, 4, 0.49%, 0, 0, 2, 122.30
1503419444, 0, 0, 36, 36, 4, 0.49%, 0, 0, 2, 124.96
1503419449, 0, 0, 37, 37, 4, 0.49%, 0, 0, 2, 125.22
1503419460, 0, 0, 40, 40, 4, 0.49%, 0, 0, 2, 126.38
1503419465, 0, 0, 41, 41, 4, 0.49%, 0, 0, 2, 126.27
1503419490, 0, 0, 50, 50, 4, 0.51%, 0, 0, 2, 126.28
1503419495, 0, 0, 73, 73, 4, 0.56%, 0, 0, 2, 129.26
1503419501, 0, 0, 82, 82, 4, 0.56%, 0, 0, 2, 130.48
1503419506, 0, 0, 86, 86, 4, 0.57%, 0, 0, 2, 130.81
1503419511, 0, 0, 87, 87, 4, 0.57%, 0, 0, 2, 129.48
1503419516, 0, 0, 92, 92, 4, 0.57%, 0, 0, 2, 130.48
1503419521, 0, 0, 94, 94, 4, 0.57%, 0, 0, 2, 129.36
1503419526, 0, 0, 96, 96, 4, 0.59%, 0, 0, 2, 130.77
1503419536, 0, 0, 97, 97, 4, 0.59%, 0, 0, 2, 19.05
1503419541, 0, 0, 99, 99, 4, 0.59%, 0, 0, 2, 131.42
1503419546, 0, 0, 101, 101, 4, 0.59%, 0, 0, 2, 131.23
1503419551, 0, 0, 102, 102, 4, 0.59%, 0, 0, 2, 131.21
1503419567, 0, 0, 103, 103, 4, 0.59%, 0, 0, 2, 127.20
1503419582, 0, 0, 104, 104, 4, 0.59%, 0, 0, 2, 131.14
1503419587, 0, 0, 106, 106, 4, 0.60%, 0, 0, 2, 124.88
1503419602, 0, 0, 107, 107, 4, 0.60%, 0, 0, 2, 131.18
1503419617, 0, 0, 108, 108, 4, 0.60%, 0, 0, 2, 130.73
1503419628, 0, 0, 109, 109, 4, 0.60%, 0, 0, 2, 128.45
1503419638, 0, 0, 110, 110, 4, 0.60%, 0, 0, 2, 130.85
1503419643, 0, 0, 111, 111, 4, 0.60%, 0, 0, 2, 130.67
1503419653, 0, 0, 112, 112, 4, 0.60%, 0, 0, 2, 131.17
1503419688, 0, 1, 112, 111, 45, 0.60%, 0, 0, 2, 131.16
1503419719, 0, 2, 112, 110, 44, 0.60%, 0, 0, 2, 129.74
1503419730, 0, 2, 113, 111, 44, 0.61%, 0, 0, 2, 129.98
1503419750, 0, 3, 113, 110, 43, 0.61%, 0, 0, 2, 133.19
1503419755, 0, 3, 114, 111, 43, 0.61%, 0, 0, 2, 126.91
1503419811, 0, 3, 115, 112, 43, 0.63%, 0, 0, 2, 121.22
1503419822, 0, 5, 115, 111, 44, 0.63%, 0, 0, 2, 128.39
1503419898, 0, 5, 116, 112, 44, 0.63%, 0, 0, 3, 126.72
1503419908, 0, 14, 116, 111, 43, 0.63%, 0, 0, 3, 124.24
1503419990, 0, 15, 116, 110, 42, 0.63%, 0, 0, 3, 123.57
1503420067, 0, 19, 116, 109, 42, 0.63%, 0, 0, 3, 120.91
1503420148, 0, 23, 116, 108, 41, 0.63%, 0, 0, 3, 123.57
1503420224, 0, 27, 116, 107, 40, 0.63%, 0, 0, 3, 130.28
1503420306, 0, 28, 117, 107, 39, 0.63%, 0, 0, 3, 125.07
1503420378, 0, 28, 118, 108, 39, 0.63%, 0, 0, 3, 123.97
1503420393, 0, 31, 118, 107, 39, 0.63%, 0, 0, 3, 125.03
1503420475, 0, 33, 118, 106, 38, 0.63%, 0, 0, 3, 124.52
1503420552, 0, 34, 118, 105, 37, 0.63%, 0, 0, 3, 127.57
1503420629, 0, 42, 118, 104, 36, 0.63%, 0, 0, 3, 127.91
1503420705, 0, 42, 119, 105, 36, 0.63%, 0, 0, 3, 127.78
1503420715, 0, 44, 119, 104, 35, 0.63%, 0, 0, 3, 129.04
1503420792, 0, 44, 120, 105, 35, 0.63%, 0, 0, 3, 124.23
1503420797, 0, 44, 121, 106, 35, 0.63%, 0, 0, 3, 126.29
1503420823, 0, 45, 121, 105, 34, 0.63%, 0, 0, 3, 127.24
1503420894, 0, 45, 122, 106, 34, 0.63%, 0, 0, 3, 131.63
1503420899, 0, 45, 123, 107, 34, 0.64%, 0, 0, 3, 131.49
1503420904, 0, 45, 124, 108, 34, 0.64%, 0, 0, 3, 131.52
1503420910, 0, 45, 125, 109, 34, 0.64%, 0, 0, 3, 125.20
1503420915, 0, 45, 126, 110, 34, 0.64%, 0, 0, 3, 126.03
1503420925, 0, 45, 128, 112, 34, 0.65%, 0, 0, 3, 131.09
1503420960, 0, 45, 129, 113, 34, 0.66%, 0, 0, 3, 131.27
1503420965, 0, 45, 130, 114, 34, 0.66%, 0, 0, 3, 130.18
1503420996, 0, 45, 131, 115, 34, 0.66%, 0, 0, 3, 130.01
1503421001, 0, 45, 132, 116, 34, 0.67%, 0, 0, 3, 130.08
1503421006, 0, 45, 133, 117, 34, 0.67%, 0, 0, 3, 130.24
1503421027, 0, 45, 134, 118, 34, 0.67%, 0, 0, 3, 126.43
1503421052, 0, 45, 135, 119, 34, 0.67%, 0, 0, 3, 126.47
1503421098, 0, 45, 136, 120, 34, 0.67%, 0, 0, 3, 127.28
1503421129, 0, 45, 137, 121, 34, 0.67%, 0, 0, 3, 129.23
1503421144, 0, 45, 138, 122, 34, 0.67%, 0, 0, 3, 132.38
1503421149, 0, 47, 138, 121, 42, 0.67%, 0, 0, 3, 132.18
1503421154, 0, 51, 138, 120, 41, 0.67%, 0, 0, 3, 134.03
1503421251, 0, 55, 138, 119, 40, 0.67%, 0, 0, 3, 128.97
1503421328, 0, 56, 138, 118, 39, 0.67%, 0, 0, 3, 123.37
1503421394, 0, 58, 138, 117, 38, 0.67%, 0, 0, 3, 127.14
1503421466, 0, 62, 138, 116, 37, 0.67%, 0, 0, 3, 130.49
1503421517, 0, 68, 138, 115, 36, 0.67%, 0, 0, 3, 126.89
1503421588, 0, 70, 138, 114, 35, 0.67%, 0, 0, 3, 127.60
1503421727, 0, 73, 138, 113, 34, 0.67%, 0, 0, 3, 127.40
1503421844, 0, 78, 138, 112, 33, 0.67%, 0, 0, 3, 131.65
1503421865, 0, 80, 138, 111, 32, 0.67%, 0, 0, 3, 129.79
1503421967, 0, 83, 138, 110, 31, 0.67%, 0, 0, 3, 127.32
1503422085, 0, 85, 138, 109, 30, 0.67%, 0, 0, 3, 125.59
1503422166, 0, 86, 138, 108, 29, 0.67%, 0, 0, 3, 127.00
1503422248, 0, 88, 138, 107, 28, 0.67%, 0, 0, 3, 127.09
1503422279, 0, 89, 139, 107, 27, 0.67%, 0, 0, 3, 127.83
1503422335, 0, 89, 140, 108, 27, 0.68%, 0, 0, 3, 126.16
1503422366, 0, 89, 141, 109, 27, 0.68%, 0, 0, 3, 126.79
1503422381, 0, 95, 141, 108, 27, 0.68%, 0, 0, 3, 132.34
1503422442, 0, 99, 141, 107, 26, 0.68%, 0, 0, 3, 131.16
1503422559, 0, 103, 141, 106, 25, 0.68%, 0, 0, 3, 127.58
1503422631, 0, 104, 141, 105, 24, 0.68%, 0, 0, 3, 130.45
1503422743, 0, 105, 141, 104, 23, 0.68%, 0, 0, 3, 130.43
1503422829, 0, 106, 143, 105, 22, 0.68%, 0, 0, 3, 126.42
1503422834, 0, 106, 144, 106, 22, 0.68%, 0, 0, 3, 123.42
1503422951, 0, 106, 145, 107, 22, 0.70%, 0, 0, 3, 123.53
1503422966, 0, 106, 146, 108, 22, 0.70%, 0, 0, 3, 128.95
1503422976, 0, 106, 147, 109, 22, 0.70%, 0, 0, 3, 128.66
1503422981, 0, 106, 148, 110, 22, 0.72%, 0, 0, 3, 128.13
1503423007, 0, 106, 149, 111, 22, 0.74%, 0, 0, 3, 128.28
1503423027, 0, 106, 151, 113, 22, 0.74%, 0, 0, 3, 128.47
1503423048, 0, 106, 152, 114, 22, 0.74%, 0, 0, 3, 124.18
1503423063, 0, 106, 153, 115, 22, 0.75%, 0, 0, 3, 125.90
1503423099, 0, 106, 154, 116, 22, 0.75%, 0, 0, 3, 126.89
1503423124, 0, 106, 156, 118, 22, 0.77%, 0, 0, 3, 126.27
1503423216, 0, 106, 157, 119, 22, 0.77%, 0, 0, 3, 127.83
1503423221, 0, 107, 157, 118, 31, 0.77%, 0, 0, 3, 125.62
1503423339, 0, 112, 157, 117, 30, 0.77%, 0, 0, 3, 128.62
1503423370, 0, 112, 158, 118, 30, 0.77%, 0, 0, 3, 130.10
1503423380, 0, 112, 159, 119, 30, 0.77%, 0, 0, 3, 131.15
1503423385, 0, 112, 160, 120, 30, 0.77%, 0, 0, 3, 132.08
1503423431, 0, 113, 160, 119, 30, 0.77%, 0, 0, 3, 131.99
1503423507, 0, 114, 160, 118, 29, 0.77%, 0, 0, 3, 130.22
1503423579, 0, 117, 160, 117, 28, 0.77%, 0, 0, 3, 127.74
1503423681, 0, 117, 161, 118, 28, 0.77%, 0, 0, 4, 125.27
1503423686, 0, 117, 163, 120, 28, 0.78%, 0, 0, 4, 128.70
1503423696, 0, 117, 164, 121, 28, 0.78%, 0, 0, 4, 128.50
1503423706, 0, 117, 165, 122, 28, 0.78%, 0, 0, 4, 129.30
1503423716, 0, 117, 166, 123, 28, 0.78%, 0, 0, 4, 127.33
1503423783, 0, 117, 167, 124, 28, 0.78%, 0, 0, 4, 129.39
1503423941, 0, 122, 167, 123, 31, 0.78%, 0, 0, 4, 127.87
1503423946, 0, 122, 168, 124, 31, 0.78%, 0, 0, 4, 125.03
1503424058, 0, 122, 170, 126, 31, 0.79%, 0, 0, 4, 127.91
1503424073, 0, 122, 171, 127, 31, 0.79%, 0, 0, 4, 124.52
1503424083, 0, 122, 172, 128, 31, 0.79%, 0, 0, 4, 124.86
1503424104, 0, 122, 173, 129, 31, 0.79%, 0, 0, 4, 125.60
1503424119, 0, 122, 174, 130, 31, 0.79%, 0, 0, 4, 126.13
1503424318, 0, 128, 174, 129, 32, 0.79%, 0, 0, 4, 123.72
1503424436, 0, 130, 174, 128, 31, 0.79%, 0, 0, 4, 128.97
1503424549, 0, 131, 174, 127, 30, 0.79%, 0, 0, 4, 124.65
1503424666, 0, 132, 174, 126, 29, 0.79%, 0, 0, 4, 128.65
1503424743, 0, 133, 174, 125, 28, 0.79%, 0, 0, 4, 129.10
1503424871, 0, 135, 174, 124, 27, 0.79%, 0, 0, 4, 128.69
1503424942, 0, 138, 174, 123, 26, 0.79%, 0, 0, 4, 126.46
1503425050, 0, 139, 174, 122, 25, 0.79%, 0, 0, 4, 126.97
1503425152, 0, 140, 174, 121, 24, 0.79%, 0, 0, 4, 128.17
1503425254, 0, 141, 174, 120, 23, 0.79%, 0, 0, 4, 126.27
1503425387, 0, 141, 175, 121, 23, 0.79%, 0, 0, 4, 124.54
1503425402, 0, 142, 175, 120, 22, 0.79%, 0, 0, 4, 127.05
1503425525, 0, 142, 176, 121, 22, 0.79%, 0, 0, 4, 123.05
1503425546, 0, 144, 176, 120, 22, 0.79%, 0, 0, 4, 126.13
1503425669, 0, 144, 177, 121, 22, 0.81%, 0, 0, 4, 119.92
1503425684, 0, 144, 178, 122, 22, 0.81%, 0, 0, 4, 127.12
1503425694, 0, 145, 178, 121, 21, 0.81%, 0, 0, 4, 121.09
1503425846, 0, 146, 178, 120, 20, 0.81%, 0, 0, 4, 125.75
1503425985, 0, 146, 179, 121, 20, 0.81%, 0, 0, 4, 120.19
1503425995, 0, 146, 180, 122, 20, 0.82%, 0, 0, 4, 125.79
1503426005, 0, 147, 180, 121, 21, 0.82%, 0, 0, 4, 126.65
1503426010, 0, 147, 181, 122, 21, 0.82%, 0, 0, 4, 122.77
1503426148, 0, 147, 183, 124, 21, 0.83%, 0, 0, 4, 124.52
1503426158, 0, 147, 185, 126, 21, 0.83%, 0, 0, 4, 124.53
1503426174, 0, 148, 186, 126, 25, 0.83%, 0, 0, 4, 125.52
1503426194, 0, 148, 187, 127, 25, 0.84%, 0, 0, 4, 120.63
1503426332, 0, 148, 188, 128, 25, 0.84%, 0, 0, 4, 124.28
1503426337, 0, 148, 193, 133, 25, 0.85%, 0, 0, 4, 118.33
1503426353, 0, 148, 194, 134, 25, 0.85%, 0, 0, 4, 126.81
1503426358, 0, 148, 196, 136, 25, 0.85%, 0, 0, 4, 126.42
1503426368, 0, 148, 197, 137, 25, 0.85%, 0, 0, 4, 125.18
1503426373, 0, 148, 198, 138, 25, 0.85%, 0, 0, 4, 125.12
1503426383, 0, 148, 199, 139, 25, 0.85%, 0, 0, 4, 127.38
1503426388, 0, 148, 200, 140, 25, 0.85%, 0, 0, 4, 125.03
1503426393, 0, 148, 201, 141, 25, 0.85%, 0, 0, 4, 127.43
1503426399, 0, 148, 202, 142, 25, 0.86%, 0, 0, 4, 125.05
1503426414, 0, 148, 203, 143, 25, 0.86%, 0, 0, 4, 127.71
1503426419, 0, 148, 204, 144, 25, 0.87%, 0, 0, 4, 125.63
1503426424, 0, 148, 206, 146, 25, 0.87%, 0, 0, 4, 125.69
1503426445, 0, 148, 207, 147, 25, 0.87%, 0, 0, 4, 126.15
1503426450, 0, 148, 208, 148, 25, 0.87%, 0, 0, 4, 127.55
1503426455, 0, 148, 209, 149, 25, 0.88%, 0, 0, 4, 128.17
1503426496, 0, 148, 210, 150, 25, 0.89%, 0, 0, 4, 125.87
1503426516, 0, 148, 211, 151, 25, 0.89%, 0, 0, 4, 126.06
1503426546, 0, 152, 211, 150, 43, 0.89%, 0, 0, 4, 124.54
1503426771, 0, 152, 212, 151, 43, 0.89%, 0, 0, 4, 124.45
1503426776, 0, 152, 213, 152, 43, 0.89%, 0, 0, 4, 125.16
1503426806, 0, 153, 213, 151, 42, 0.89%, 0, 0, 4, 124.14
1503426940, 0, 154, 213, 150, 41, 0.89%, 0, 0, 4, 127.41
1503427094, 0, 156, 213, 149, 40, 0.89%, 0, 0, 4, 121.28
1503427272, 0, 158, 213, 148, 39, 0.89%, 0, 0, 4, 114.64
1503427405, 0, 161, 213, 147, 38, 0.89%, 0, 0, 4, 122.70
1503427410, 0, 161, 214, 148, 38, 0.89%, 0, 0, 5, 119.64
1503427533, 0, 161, 215, 149, 38, 0.89%, 0, 0, 5, 122.25
1503427543, 0, 161, 216, 150, 38, 0.89%, 0, 0, 5, 128.12
1503427573, 0, 163, 216, 149, 39, 0.89%, 0, 0, 5, 124.31
1503427746, 0, 164, 216, 148, 38, 0.89%, 0, 0, 5, 125.15
1503427905, 0, 164, 217, 149, 38, 0.90%, 0, 0, 5, 127.92
1503427936, 0, 165, 217, 148, 38, 0.90%, 0, 0, 5, 123.70
1503428083, 0, 167, 217, 147, 37, 0.90%, 0, 0, 5, 124.60
1503428206, 0, 167, 218, 148, 37, 0.90%, 0, 0, 5, 128.09
1503428231, 0, 168, 218, 147, 37, 0.90%, 0, 0, 5, 126.86
1503428236, 0, 168, 219, 148, 37, 0.90%, 0, 0, 5, 122.19
1503428405, 0, 168, 221, 150, 37, 0.90%, 0, 0, 5, 122.10
1503428415, 0, 168, 222, 151, 37, 0.90%, 0, 0, 5, 123.52
1503428420, 0, 168, 223, 152, 37, 0.90%, 0, 0, 5, 125.00
1503428476, 0, 169, 223, 151, 37, 0.90%, 0, 0, 5, 126.63
1503428594, 0, 171, 223, 150, 36, 0.90%, 0, 0, 5, 125.26
1503428788, 0, 176, 223, 149, 35, 0.90%, 0, 0, 5, 122.07
1503428931, 0, 176, 224, 150, 35, 0.90%, 0, 0, 5, 127.03
1503428972, 0, 178, 224, 149, 35, 0.90%, 0, 0, 5, 122.42
1503429130, 0, 178, 225, 150, 35, 0.91%, 0, 0, 5, 126.71
1503429146, 0, 178, 226, 151, 35, 0.91%, 0, 0, 5, 127.59
1503429181, 0, 180, 226, 150, 36, 0.91%, 0, 0, 5, 126.96
1503429355, 0, 181, 226, 149, 35, 0.91%, 0, 0, 5, 123.94
1503429492, 0, 181, 227, 150, 35, 0.92%, 0, 0, 5, 124.26
1503429502, 0, 181, 229, 152, 35, 0.92%, 0, 0, 5, 124.14
1503429522, 0, 182, 229, 151, 36, 0.92%, 0, 0, 5, 121.16
1503429665, 0, 182, 230, 152, 36, 0.92%, 0, 0, 5, 124.62
1503429690, 0, 183, 230, 151, 34, 0.92%, 0, 0, 5, 127.07
1503429837, 0, 183, 231, 152, 34, 0.93%, 0, 0, 5, 124.19
1503429857, 0, 185, 231, 151, 34, 0.93%, 0, 0, 5, 124.74
1503430015, 0, 185, 232, 152, 34, 0.93%, 0, 0, 5, 124.08
1503430041, 0, 185, 233, 153, 34, 0.93%, 0, 0, 5, 122.99
1503430061, 0, 186, 233, 152, 34, 0.93%, 0, 0, 5, 128.23
1503430240, 0, 186, 234, 153, 34, 0.93%, 0, 0, 5, 126.93
1503430271, 0, 187, 234, 152, 34, 0.93%, 0, 0, 5, 126.85
1503430449, 0, 187, 235, 153, 34, 0.94%, 0, 0, 5, 122.27
1503430464, 0, 187, 236, 154, 34, 0.94%, 0, 0, 5, 124.55
1503430469, 0, 187, 237, 155, 34, 0.94%, 0, 0, 5, 127.70
1503430495, 0, 187, 238, 156, 34, 0.94%, 0, 0, 5, 123.37
1503430511, 0, 187, 239, 157, 34, 0.94%, 0, 0, 5, 123.59
1503430531, 0, 187, 240, 158, 34, 0.94%, 0, 0, 5, 124.46
1503430536, 0, 187, 241, 159, 34, 0.94%, 0, 0, 5, 125.00
1503430577, 0, 187, 243, 161, 34, 0.95%, 0, 0, 5, 123.45
1503430628, 0, 187, 244, 162, 34, 0.95%, 0, 0, 5, 123.54
1503430658, 0, 187, 245, 163, 34, 0.95%, 0, 0, 5, 127.23
1503430689, 0, 187, 246, 164, 34, 0.95%, 0, 0, 5, 128.36
1503430709, 0, 188, 246, 163, 41, 0.95%, 0, 0, 5, 124.35
1503430877, 0, 188, 247, 164, 41, 0.95%, 0, 0, 5, 19.51
1503430902, 0, 189, 247, 163, 41, 0.95%, 0, 0, 5, 124.81
1503431085, 0, 190, 247, 162, 40, 0.95%, 0, 0, 5, 126.21
1503431278, 0, 194, 247, 161, 39, 0.95%, 0, 0, 5, 123.43
1503431284, 0, 194, 248, 162, 39, 0.95%, 0, 0, 5, 121.59
1503431487, 0, 194, 249, 163, 39, 0.96%, 0, 0, 5, 126.83
1503431502, 0, 194, 250, 164, 39, 0.96%, 0, 0, 5, 127.08
1503431517, 0, 194, 251, 165, 39, 0.96%, 0, 0, 5, 127.83
1503431548, 0, 194, 252, 166, 39, 0.96%, 0, 0, 5, 123.05
1503431634, 0, 194, 253, 167, 39, 0.96%, 0, 0, 5, 124.12
1503431696, 0, 194, 255, 169, 39, 0.96%, 0, 0, 5, 123.58
1503431741, 0, 195, 255, 168, 43, 0.96%, 0, 0, 5, 126.05
1503431797, 0, 195, 256, 169, 43, 0.97%, 0, 0, 5, 119.28
1503431924, 0, 195, 257, 170, 43, 0.97%, 0, 0, 5, 119.63
1503431939, 0, 195, 258, 171, 43, 0.97%, 0, 0, 5, 124.87
1503431949, 0, 195, 260, 173, 43, 0.97%, 0, 0, 5, 123.72
1503432031, 0, 195, 261, 174, 43, 0.97%, 0, 0, 5, 125.76
1503432158, 0, 195, 262, 175, 43, 0.97%, 0, 0, 5, 122.89
1503432199, 0, 196, 262, 174, 46, 0.97%, 0, 0, 5, 120.94
1503432342, 0, 197, 262, 173, 45, 0.97%, 0, 0, 5, 126.03
1503432535, 0, 201, 262, 172, 44, 0.97%, 0, 0, 5, 123.47
1503432723, 0, 201, 263, 173, 44, 0.98%, 0, 0, 5, 119.26
1503432728, 0, 201, 264, 174, 44, 0.98%, 0, 0, 5, 119.03
1503432733, 0, 201, 265, 175, 44, 0.98%, 0, 0, 5, 122.18
1503432743, 0, 201, 266, 176, 44, 0.98%, 0, 0, 5, 123.87
1503432748, 0, 201, 267, 177, 44, 0.99%, 0, 0, 5, 123.13
1503432820, 0, 201, 268, 178, 44, 0.99%, 0, 0, 5, 127.21
1503432993, 0, 202, 268, 177, 49, 0.99%, 0, 0, 5, 127.56
1503433217, 0, 204, 268, 176, 48, 0.99%, 0, 0, 5, 120.03
1503433456, 0, 206, 268, 175, 47, 0.99%, 0, 0, 5, 120.46
1503433646, 0, 207, 268, 174, 46, 0.99%, 0, 0, 5, 124.64
1503433830, 0, 209, 268, 173, 45, 0.99%, 0, 0, 5, 121.95
1503434055, 0, 209, 269, 174, 45, 0.99%, 0, 0, 5, 120.35
1503434091, 0, 209, 270, 175, 45, 0.99%, 0, 0, 5, 124.89
1503434106, 0, 209, 271, 176, 45, 0.99%, 0, 0, 5, 125.45
1503434116, 0, 209, 272, 177, 45, 0.99%, 0, 0, 5, 125.48
1503434218, 0, 210, 272, 176, 46, 0.99%, 0, 0, 5, 119.84
1503434493, 0, 213, 272, 175, 45, 0.99%, 0, 0, 5, 120.86
1503434642, 0, 214, 272, 174, 44, 0.99%, 0, 0, 5, 124.26
1503434785, 0, 218, 272, 173, 43, 0.99%, 0, 0, 5, 124.41
1503434968, 0, 218, 273, 174, 43, 0.99%, 0, 0, 6, 119.60
1503434999, 0, 221, 273, 173, 42, 0.99%, 0, 0, 6, 121.31
1503435004, 0, 221, 274, 174, 42, 0.99%, 0, 0, 6, 119.88
1503435015, 0, 221, 275, 175, 42, 0.99%, 0, 0, 6, 119.85
1503435193, 0, 223, 276, 175, 42, 1.00%, 0, 0, 6, 123.89
1503435381, 0, 225, 276, 174, 42, 1.00%, 0, 0, 6, 125.05
1503435540, 0, 226, 276, 173, 41, 1.00%, 0, 0, 6, 123.76
1503435703, 0, 227, 276, 172, 40, 1.00%, 0, 0, 6, 121.46
1503435870, 0, 228, 276, 171, 39, 1.00%, 0, 0, 6, 121.17
1503436033, 0, 229, 276, 170, 38, 1.00%, 0, 0, 6, 122.80
1503436206, 0, 230, 276, 169, 37, 1.00%, 0, 0, 6, 124.55
1503436374, 0, 231, 276, 168, 36, 1.00%, 0, 0, 6, 126.11
1503436542, 0, 231, 277, 169, 36, 1.00%, 0, 0, 6, 122.95
1503436568, 0, 232, 277, 168, 36, 1.00%, 0, 0, 6, 123.47
1503436573, 0, 232, 278, 169, 36, 1.00%, 0, 0, 6, 123.80
1503436771, 0, 234, 278, 168, 35, 1.00%, 0, 0, 6, 123.51
1503436995, 0, 234, 279, 169, 35, 1.00%, 0, 0, 6, 120.53
1503437030, 0, 236, 279, 168, 35, 1.00%, 0, 0, 6, 126.59
1503437266, 0, 237, 279, 167, 34, 1.00%, 0, 0, 6, 122.71
1503437474, 0, 237, 280, 168, 34, 1.01%, 0, 0, 6, 121.56
1503437489, 0, 237, 282, 170, 34, 1.01%, 0, 0, 6, 122.05
1503437499, 0, 237, 283, 171, 34, 1.01%, 0, 0, 6, 122.66
1503437520, 0, 237, 284, 172, 34, 1.01%, 0, 0, 6, 122.93
1503437540, 0, 237, 285, 173, 34, 1.01%, 0, 0, 6, 122.63
1503437550, 0, 237, 286, 174, 34, 1.01%, 0, 0, 6, 122.81
1503437571, 0, 237, 287, 175, 34, 1.01%, 0, 0, 6, 126.17
1503437586, 0, 237, 288, 176, 34, 1.02%, 0, 0, 6, 125.08
1503437606, 0, 237, 289, 177, 34, 1.02%, 0, 0, 6, 126.76
1503437698, 0, 238, 289, 176, 40, 1.02%, 0, 0, 6, 120.72
1503437893, 0, 239, 289, 175, 39, 1.02%, 0, 0, 6, 118.06
1503438148, 0, 241, 289, 174, 38, 1.02%, 0, 0, 6, 124.88
1503438327, 0, 242, 289, 173, 37, 1.02%, 0, 0, 6, 122.51
1503438587, 0, 242, 290, 174, 37, 1.02%, 0, 0, 6, 121.30
1503438639, 0, 243, 291, 174, 36, 1.02%, 0, 0, 6, 121.33
1503438914, 0, 246, 291, 173, 36, 1.02%, 0, 0, 6, 123.22
1503439077, 0, 246, 292, 174, 36, 1.02%, 0, 0, 6, 123.28
1503439112, 0, 248, 292, 173, 36, 1.02%, 0, 0, 6, 124.22
1503439321, 0, 251, 292, 172, 35, 1.02%, 0, 0, 6, 121.93
1503439601, 0, 251, 293, 173, 35, 1.02%, 0, 0, 6, 117.55
1503439606, 0, 251, 294, 174, 35, 1.03%, 0, 0, 6, 117.58
1503439673, 0, 252, 294, 173, 35, 1.03%, 0, 0, 6, 124.34
1503439889, 0, 253, 294, 172, 34, 1.03%, 0, 0, 6, 121.65
1503440124, 0, 253, 295, 173, 34, 1.03%, 0, 0, 6, 122.29
1503440149, 0, 255, 295, 172, 34, 1.03%, 0, 0, 6, 120.97
1503440337, 0, 255, 297, 174, 34, 1.03%, 0, 0, 6, 124.71
1503440368, 0, 256, 297, 173, 34, 1.03%, 0, 0, 6, 125.08
1503440587, 0, 257, 297, 172, 33, 1.03%, 0, 0, 6, 122.76
1503440796, 0, 257, 298, 173, 33, 1.03%, 0, 0, 6, 123.00
1503440826, 0, 258, 298, 172, 33, 1.03%, 0, 0, 6, 123.30
1503441056, 0, 260, 298, 171, 32, 1.03%, 0, 0, 6, 125.27
1503441240, 0, 261, 298, 170, 31, 1.03%, 0, 0, 6, 123.45
1503441505, 0, 262, 299, 170, 30, 1.03%, 0, 0, 6, 122.37
1503441709, 0, 263, 299, 169, 30, 1.03%, 0, 0, 6, 125.19
1503441714, 0, 263, 300, 170, 30, 1.04%, 0, 0, 6, 120.96
1503441816, 0, 263, 301, 171, 30, 1.04%, 0, 0, 6, 122.17
1503441933, 0, 264, 301, 170, 31, 1.04%, 0, 0, 6, 124.85
1503442162, 0, 264, 302, 171, 31, 1.04%, 0, 0, 6, 120.57
1503442193, 0, 264, 303, 172, 31, 1.04%, 0, 0, 6, 120.52
1503442218, 0, 265, 304, 172, 32, 1.04%, 0, 0, 6, 121.49
1503442443, 0, 265, 306, 174, 32, 1.05%, 0, 0, 6, 121.57
1503442468, 0, 266, 306, 173, 34, 1.05%, 0, 0, 6, 123.41
1503442653, 0, 268, 306, 172, 33, 1.05%, 0, 0, 6, 124.47
1503442924, 0, 268, 307, 173, 33, 1.05%, 0, 0, 6, 123.40
1503442949, 0, 270, 307, 172, 32, 1.05%, 0, 0, 6, 114.68
1503443284, 0, 271, 307, 171, 32, 1.05%, 0, 0, 6, 123.18
1503443585, 0, 273, 307, 170, 31, 1.05%, 0, 0, 6, 119.39
1503443779, 0, 274, 307, 169, 30, 1.05%, 0, 0, 6, 126.82
1503443978, 0, 275, 307, 168, 29, 1.05%, 0, 0, 6, 123.41
1503444171, 0, 276, 307, 167, 28, 1.05%, 0, 0, 6, 125.46
1503444369, 0, 277, 307, 166, 27, 1.05%, 0, 0, 6, 125.11
1503444578, 0, 278, 307, 165, 26, 1.05%, 0, 0, 6, 122.95
1503444854, 0, 279, 307, 164, 25, 1.05%, 0, 0, 6, 118.58
1503445083, 0, 280, 307, 163, 24, 1.05%, 0, 0, 6, 125.15
1503445118, 0, 280, 308, 164, 24, 1.05%, 0, 0, 7, 120.74
1503445282, 0, 280, 309, 165, 24, 1.05%, 0, 0, 7, 118.98
1503445287, 0, 280, 310, 166, 24, 1.05%, 0, 0, 7, 118.22
1503445312, 0, 280, 311, 167, 24, 1.05%, 0, 0, 7, 120.51
1503445343, 0, 281, 311, 166, 27, 1.05%, 0, 0, 7, 123.71
1503445567, 0, 281, 312, 167, 27, 1.05%, 0, 0, 7, 117.36
1503445587, 0, 284, 312, 166, 27, 1.05%, 0, 0, 7, 121.23
1503445878, 0, 284, 313, 167, 27, 1.06%, 0, 0, 7, 118.14
1503445883, 0, 284, 314, 168, 27, 1.06%, 0, 0, 7, 122.94
1503445898, 0, 284, 315, 169, 27, 1.06%, 0, 0, 7, 123.82
1503445913, 0, 284, 316, 170, 27, 1.06%, 0, 0, 7, 119.74
1503445928, 0, 284, 317, 171, 27, 1.06%, 0, 0, 7, 124.28
1503445959, 0, 284, 318, 172, 27, 1.06%, 0, 0, 7, 126.31
1503445980, 0, 284, 319, 173, 27, 1.06%, 0, 0, 7, 123.74
1503446046, 0, 284, 319, 173, 27, 1.06%, 1, 0, 7, 125.30
1503446102, 0, 284, 319, 173, 27, 1.06%, 2, 0, 7, 123.00
1503446153, 0, 285, 319, 172, 31, 1.06%, 2, 0, 7, 119.84
1503446392, 0, 285, 320, 173, 31, 1.07%, 2, 0, 7, 122.42
1503446428, 0, 286, 320, 172, 31, 1.07%, 2, 0, 7, 123.57
1503446662, 0, 287, 320, 171, 30, 1.07%, 2, 0, 7, 122.55
1503446917, 0, 290, 320, 170, 29, 1.07%, 2, 0, 7, 120.02
1503447141, 0, 290, 321, 171, 29, 1.07%, 2, 0, 7, 119.08
1503447192, 0, 291, 321, 170, 29, 1.07%, 2, 0, 7, 121.03
1503447365, 0, 291, 322, 171, 29, 1.07%, 2, 0, 7, 123.43
1503447401, 0, 293, 323, 171, 29, 1.07%, 2, 0, 7, 122.23
1503447763, 0, 294, 323, 170, 29, 1.07%, 2, 0, 7, 123.41
1503448064, 0, 295, 323, 169, 28, 1.07%, 2, 0, 7, 123.77
1503448287, 0, 296, 323, 168, 27, 1.07%, 2, 0, 7, 122.69
1503448292, 0, 296, 325, 170, 27, 1.07%, 2, 0, 7, 123.55
1503448461, 0, 296, 326, 171, 27, 1.08%, 2, 0, 7, 120.73
1503448501, 0, 296, 327, 172, 27, 1.08%, 2, 0, 7, 127.90
1503448522, 0, 297, 327, 171, 30, 1.08%, 2, 0, 7, 124.57
1503448751, 0, 298, 327, 170, 29, 1.08%, 2, 0, 7, 123.35
1503448964, 0, 298, 328, 171, 29, 1.08%, 2, 0, 7, 123.13
1503448980, 0, 299, 328, 170, 29, 1.08%, 2, 0, 7, 123.87
1503449199, 0, 299, 329, 171, 29, 1.08%, 2, 0, 7, 125.24
1503449224, 0, 300, 329, 170, 28, 1.08%, 2, 0, 7, 123.29
1503449454, 0, 301, 329, 169, 27, 1.08%, 2, 0, 7, 121.64
1503449709, 0, 301, 330, 170, 27, 1.08%, 2, 0, 7, 126.80
1503449729, 0, 302, 330, 169, 26, 1.08%, 2, 0, 7, 125.96
1503450014, 0, 302, 331, 170, 26, 1.08%, 2, 0, 7, 120.44
1503450030, 0, 302, 332, 171, 26, 1.08%, 2, 0, 7, 124.36
1503450050, 0, 303, 332, 170, 27, 1.08%, 2, 0, 7, 124.00
1503450259, 0, 303, 333, 171, 27, 1.08%, 2, 0, 7, 120.24
1503450315, 0, 304, 333, 170, 26, 1.08%, 2, 0, 7, 119.46
1503450392, 0, 304, 334, 171, 26, 1.09%, 2, 0, 7, 120.68
1503450509, 0, 304, 335, 172, 26, 1.09%, 2, 0, 7, 121.03
1503450529, 0, 304, 336, 173, 26, 1.09%, 2, 0, 7, 122.15
1503450540, 0, 304, 337, 174, 26, 1.09%, 2, 0, 7, 121.33
1503450560, 0, 308, 338, 174, 27, 1.09%, 2, 0, 8, 122.26
1503450760, 0, 308, 339, 175, 27, 1.09%, 2, 0, 8, 122.04
1503450785, 0, 308, 340, 176, 27, 1.09%, 2, 0, 8, 118.88
1503450811, 0, 309, 340, 175, 29, 1.09%, 2, 0, 8, 121.81
1503450816, 0, 309, 341, 176, 29, 1.10%, 2, 0, 8, 122.43
1503451040, 0, 309, 342, 177, 29, 1.10%, 2, 0, 8, 117.70
1503451061, 0, 310, 342, 176, 30, 1.10%, 2, 0, 8, 125.81
1503451066, 0, 310, 343, 177, 30, 1.10%, 2, 0, 8, 120.89
1503451326, 0, 311, 343, 176, 30, 1.10%, 2, 0, 8, 119.36
