# unix_time, cycles_done, cur_path, paths_total, pending_total, pending_favs, map_size, unique_crashes, unique_hangs, max_depth, execs_per_sec
1503725637, 0, 0, 5, 5, 1, 6.29%, 0, 0, 1, 246.91
1503725643, 0, 1, 5, 4, 0, 6.29%, 0, 0, 1, 279.18
1503725648, 0, 2, 5, 3, 0, 6.29%, 0, 0, 1, 272.98
1503725658, 0, 3, 5, 2, 0, 6.29%, 0, 0, 1, 288.45
1503725663, 0, 4, 5, 1, 0, 6.29%, 0, 0, 1, 276.03
1503725668, 1, 1, 5, 0, 0, 6.29%, 0, 0, 1, 276.07
1503725673, 1, 4, 5, 0, 0, 6.29%, 0, 0, 1, 274.11
1503725678, 2, 1, 5, 0, 0, 6.29%, 0, 0, 1, 280.06
1503725683, 2, 4, 5, 0, 0, 6.29%, 0, 0, 1, 277.50
1503725688, 3, 1, 5, 0, 0, 6.29%, 0, 0, 1, 269.35
1503725693, 3, 4, 5, 0, 0, 6.29%, 0, 0, 1, 276.83
1503725699, 4, 1, 5, 0, 0, 6.29%, 0, 0, 1, 279.67
1503725704, 4, 4, 5, 0, 0, 6.29%, 0, 0, 1, 271.40
1503725709, 5, 1, 5, 0, 0, 6.29%, 0, 0, 1, 257.96
1503725714, 5, 4, 5, 0, 0, 6.29%, 0, 0, 1, 263.85
1503725719, 6, 1, 5, 0, 0, 6.29%, 0, 0, 1, 269.27
1503725724, 6, 4, 5, 0, 0, 6.29%, 0, 0, 1, 271.18
1503725729, 7, 1, 5, 0, 0, 6.29%, 0, 0, 1, 272.84
1503725734, 7, 4, 5, 0, 0, 6.29%, 0, 0, 1, 277.39
1503725739, 8, 1, 5, 0, 0, 6.29%, 0, 0, 1, 279.53
1503725744, 8, 4, 5, 0, 0, 6.29%, 0, 0, 1, 281.11
1503725749, 9, 2, 5, 0, 0, 6.29%, 0, 0, 1, 283.58
1503725754, 10, 0, 5, 0, 0, 6.29%, 0, 0, 1, 279.01
1503725759, 10, 2, 5, 0, 0, 6.29%, 0, 0, 1, 279.65
1503725764, 11, 0, 5, 0, 0, 6.29%, 0, 0, 1, 275.93
1503725770, 11, 3, 5, 0, 0, 6.29%, 0, 0, 1, 281.52
1503725775, 12, 1, 5, 0, 0, 6.29%, 0, 0, 1, 283.94
1503725780, 12, 3, 5, 0, 0, 6.29%, 0, 0, 1, 282.17
1503725785, 13, 1, 5, 0, 0, 6.29%, 0, 0, 1, 285.23
1503725790, 13, 3, 5, 0, 0, 6.29%, 0, 0, 1, 275.88
1503725795, 14, 1, 5, 0, 0, 6.29%, 0, 0, 1, 276.42
1503725800, 14, 3, 5, 0, 0, 6.29%, 0, 0, 1, 274.84
1503725805, 15, 1, 5, 0, 0, 6.29%, 0, 0, 1, 276.01
1503725810, 15, 3, 5, 0, 0, 6.29%, 0, 0, 1, 276.22
1503725815, 16, 1, 5, 0, 0, 6.29%, 0, 0, 1, 271.77
1503725821, 16, 3, 5, 0, 0, 6.29%, 0, 0, 1, 268.72
1503725826, 17, 1, 5, 0, 0, 6.29%, 0, 0, 1, 275.86
1503725831, 17, 3, 5, 0, 0, 6.29%, 0, 0, 1, 271.17
1503725836, 18, 1, 5, 0, 0, 6.29%, 0, 0, 1, 272.32
1503725841, 18, 3, 5, 0, 0, 6.29%, 0, 0, 1, 274.68
1503725846, 19, 1, 5, 0, 0, 6.29%, 0, 0, 1, 279.13
1503725851, 19, 3, 5, 0, 0, 6.29%, 0, 0, 1, 270.73
1503725856, 20, 1, 5, 0, 0, 6.29%, 0, 0, 1, 271.92
1503725861, 20, 3, 5, 0, 0, 6.29%, 0, 0, 1, 277.25
1503725866, 21, 1, 5, 0, 0, 6.29%, 0, 0, 1, 276.86
1503725871, 21, 3, 5, 0, 0, 6.29%, 0, 0, 1, 278.49
1503725876, 22, 1, 5, 0, 0, 6.29%, 0, 0, 1, 280.63
1503725881, 22, 3, 5, 0, 0, 6.29%, 0, 0, 1, 273.77
1503725887, 23, 1, 5, 0, 0, 6.29%, 0, 0, 1, 273.81
1503725892, 23, 4, 5, 0, 0, 6.29%, 0, 0, 1, 274.27
1503725897, 24, 1, 5, 0, 0, 6.29%, 0, 0, 1, 269.29
1503725902, 24, 3, 5, 0, 0, 6.29%, 0, 0, 1, 278.01
1503725907, 25, 1, 5, 0, 0, 6.29%, 0, 0, 1, 48.08
1503725912, 25, 3, 5, 0, 0, 6.29%, 0, 0, 1, 282.48
1503725917, 26, 1, 5, 0, 0, 6.29%, 0, 0, 1, 277.21
1503725922, 26, 3, 5, 0, 0, 6.29%, 0, 0, 1, 272.78
1503725927, 27, 1, 5, 0, 0, 6.29%, 0, 0, 1, 283.58
1503725932, 27, 3, 5, 0, 0, 6.29%, 0, 0, 1, 271.96
1503725938, 28, 1, 5, 0, 0, 6.29%, 0, 0, 1, 269.26
1503725943, 28, 4, 5, 0, 0, 6.29%, 0, 0, 1, 281.24
1503725948, 29, 1, 5, 0, 0, 6.29%, 0, 0, 1, 283.67
1503725953, 29, 4, 5, 0, 0, 6.29%, 0, 0, 1, 285.41
1503725958, 30, 2, 5, 0, 0, 6.29%, 0, 0, 1, 285.74
1503725964, 31, 0, 5, 0, 0, 6.29%, 0, 0, 1, 282.73
1503725969, 31, 2, 5, 0, 0, 6.29%, 0, 0, 1, 282.03
1503725974, 32, 0, 5, 0, 0, 6.29%, 0, 0, 1, 279.53
1503725979, 32, 2, 5, 0, 0, 6.29%, 0, 0, 1, 276.13
1503725984, 33, 0, 5, 0, 0, 6.29%, 0, 0, 1, 265.04
1503725989, 33, 2, 5, 0, 0, 6.29%, 0, 0, 1, 276.80
1503725994, 34, 0, 5, 0, 0, 6.29%, 0, 0, 1, 267.04
1503725999, 34, 2, 5, 0, 0, 6.29%, 0, 0, 1, 275.36
1503726004, 35, 0, 5, 0, 0, 6.29%, 0, 0, 1, 277.50
1503726009, 35, 2, 5, 0, 0, 6.29%, 0, 0, 1, 278.39
1503726014, 36, 0, 5, 0, 0, 6.29%, 0, 0, 1, 277.99
1503726020, 36, 3, 5, 0, 0, 6.29%, 0, 0, 1, 272.95
1503726025, 37, 1, 5, 0, 0, 6.29%, 0, 0, 1, 272.08
1503726030, 37, 3, 5, 0, 0, 6.29%, 0, 0, 1, 270.04
1503726035, 38, 0, 5, 0, 0, 6.29%, 0, 0, 1, 267.84
1503726040, 38, 3, 5, 0, 0, 6.29%, 0, 0, 1, 273.85
1503726046, 39, 0, 5, 0, 0, 6.29%, 0, 0, 1, 270.19
1503726051, 39, 3, 5, 0, 0, 6.29%, 0, 0, 1, 278.08
1503726056, 40, 1, 5, 0, 0, 6.29%, 0, 0, 1, 277.06
1503726061, 40, 3, 5, 0, 0, 6.29%, 0, 0, 1, 278.97
1503726066, 41, 1, 5, 0, 0, 6.29%, 0, 0, 1, 277.34
1503726071, 41, 3, 5, 0, 0, 6.29%, 0, 0, 1, 275.42
1503726076, 42, 1, 5, 0, 0, 6.29%, 0, 0, 1, 268.60
1503726081, 42, 3, 5, 0, 0, 6.29%, 0, 0, 1, 277.92
1503726087, 43, 1, 5, 0, 0, 6.29%, 0, 0, 1, 282.91
1503726092, 43, 3, 5, 0, 0, 6.29%, 0, 0, 1, 272.51
1503726097, 44, 1, 5, 0, 0, 6.29%, 0, 0, 1, 273.69
1503726102, 44, 3, 5, 0, 0, 6.29%, 0, 0, 1, 274.93
1503726107, 45, 0, 5, 0, 0, 6.29%, 0, 0, 1, 275.51
1503726112, 45, 3, 5, 0, 0, 6.29%, 0, 0, 1, 275.03
1503726117, 46, 1, 5, 0, 0, 6.29%, 0, 0, 1, 275.00
1503726122, 46, 3, 5, 0, 0, 6.29%, 0, 0, 1, 275.75
1503726127, 47, 1, 5, 0, 0, 6.29%, 0, 0, 1, 279.74
1503726132, 47, 3, 5, 0, 0, 6.29%, 0, 0, 1, 278.21
1503726138, 48, 1, 5, 0, 0, 6.29%, 0, 0, 1, 270.99
1503726143, 48, 4, 5, 0, 0, 6.29%, 0, 0, 1, 276.91
1503726148, 49, 1, 5, 0, 0, 6.29%, 0, 0, 1, 270.57
1503726153, 49, 4, 5, 0, 0, 6.29%, 0, 0, 1, 281.60
1503726158, 50, 1, 5, 0, 0, 6.29%, 0, 0, 1, 275.77
1503726163, 50, 4, 5, 0, 0, 6.29%, 0, 0, 1, 281.39
1503726168, 51, 1, 5, 0, 0, 6.29%, 0, 0, 1, 283.46
1503726173, 51, 4, 5, 0, 0, 6.29%, 0, 0, 1, 279.46
1503726178, 52, 1, 5, 0, 0, 6.29%, 0, 0, 1, 283.76
1503726183, 52, 4, 5, 0, 0, 6.29%, 0, 0, 1, 282.70
1503726188, 53, 2, 5, 0, 0, 6.29%, 0, 0, 1, 277.81
1503726193, 54, 0, 5, 0, 0, 6.29%, 0, 0, 1, 282.18
1503726198, 54, 2, 5, 0, 0, 6.29%, 0, 0, 1, 276.10
1503726203, 55, 0, 5, 0, 0, 6.29%, 0, 0, 1, 278.70
1503726208, 55, 2, 5, 0, 0, 6.29%, 0, 0, 1, 272.40
1503726214, 56, 0, 5, 0, 0, 6.29%, 0, 0, 1, 282.32
1503726219, 56, 2, 5, 0, 0, 6.29%, 0, 0, 1, 275.86
1503726224, 56, 4, 5, 0, 0, 6.29%, 0, 0, 1, 278.64
1503726229, 57, 2, 5, 0, 0, 6.29%, 0, 0, 1, 272.07
1503726234, 57, 4, 5, 0, 0, 6.29%, 0, 0, 1, 279.30
1503726239, 58, 2, 5, 0, 0, 6.29%, 0, 0, 1, 274.56
1503726244, 59, 0, 5, 0, 0, 6.29%, 0, 0, 1, 267.60
1503726249, 59, 2, 5, 0, 0, 6.29%, 0, 0, 1, 278.67
1503726254, 60, 0, 5, 0, 0, 6.29%, 0, 0, 1, 280.00
1503726259, 60, 2, 5, 0, 0, 6.29%, 0, 0, 1, 278.86
1503726265, 61, 0, 5, 0, 0, 6.29%, 0, 0, 1, 276.60
1503726270, 61, 2, 5, 0, 0, 6.29%, 0, 0, 1, 285.29
1503726275, 62, 0, 5, 0, 0, 6.29%, 0, 0, 1, 283.57
1503726280, 62, 2, 5, 0, 0, 6.29%, 0, 0, 1, 278.78
1503726285, 63, 0, 5, 0, 0, 6.29%, 0, 0, 1, 277.19
1503726290, 63, 2, 5, 0, 0, 6.29%, 0, 0, 1, 276.88
1503726295, 64, 0, 5, 0, 0, 6.29%, 0, 0, 1, 277.49
1503726300, 64, 2, 5, 0, 0, 6.29%, 0, 0, 1, 277.83
1503726305, 65, 0, 5, 0, 0, 6.29%, 0, 0, 1, 283.84
1503726311, 65, 3, 5, 0, 0, 6.29%, 0, 0, 1, 284.96
1503726316, 66, 1, 5, 0, 0, 6.29%, 0, 0, 1, 280.35
1503726321, 66, 3, 5, 0, 0, 6.29%, 0, 0, 1, 285.93
1503726326, 67, 0, 5, 0, 0, 6.29%, 0, 0, 1, 283.25
1503726331, 67, 3, 5, 0, 0, 6.29%, 0, 0, 1, 279.04
1503726336, 68, 0, 5, 0, 0, 6.29%, 0, 0, 1, 284.05
1503726342, 68, 3, 5, 0, 0, 6.29%, 0, 0, 1, 283.54
1503726347, 69, 1, 5, 0, 0, 6.29%, 0, 0, 1, 273.40
1503726352, 69, 3, 5, 0, 0, 6.29%, 0, 0, 1, 269.16
1503726357, 70, 1, 5, 0, 0, 6.29%, 0, 0, 1, 272.70
1503726362, 70, 4, 5, 0, 0, 6.29%, 0, 0, 1, 282.17
1503726367, 71, 1, 5, 0, 0, 6.29%, 0, 0, 1, 276.52
1503726372, 71, 3, 5, 0, 0, 6.29%, 0, 0, 1, 278.55
1503726377, 72, 1, 5, 0, 0, 6.29%, 0, 0, 1, 269.67
1503726382, 72, 3, 5, 0, 0, 6.29%, 0, 0, 1, 277.57
1503726388, 73, 1, 5, 0, 0, 6.29%, 0, 0, 1, 276.16
1503726393, 73, 3, 5, 0, 0, 6.29%, 0, 0, 1, 270.16
1503726398, 74, 1, 5, 0, 0, 6.29%, 0, 0, 1, 285.24
1503726403, 74, 3, 5, 0, 0, 6.29%, 0, 0, 1, 276.44
1503726408, 75, 1, 5, 0, 0, 6.29%, 0, 0, 1, 273.77
1503726413, 75, 3, 5, 0, 0, 6.29%, 0, 0, 1, 270.80
1503726418, 76, 1, 5, 0, 0, 6.29%, 0, 0, 1, 274.54
1503726423, 76, 4, 5, 0, 0, 6.29%, 0, 0, 1, 283.44
1503726429, 77, 1, 5, 0, 0, 6.29%, 0, 0, 1, 281.94
1503726434, 77, 3, 5, 0, 0, 6.29%, 0, 0, 1, 278.83
1503726439, 78, 1, 5, 0, 0, 6.29%, 0, 0, 1, 285.37
1503726444, 78, 4, 5, 0, 0, 6.29%, 0, 0, 1, 285.67
1503726449, 79, 1, 5, 0, 0, 6.29%, 0, 0, 1, 278.91
1503726454, 79, 4, 5, 0, 0, 6.29%, 0, 0, 1, 284.11
1503726459, 80, 1, 5, 0, 0, 6.29%, 0, 0, 1, 277.34
1503726464, 80, 4, 5, 0, 0, 6.29%, 0, 0, 1, 285.30
1503726470, 81, 1, 5, 0, 0, 6.29%, 0, 0, 1, 279.84
1503726475, 81, 4, 5, 0, 0, 6.29%, 0, 0, 1, 283.89
1503726480, 82, 2, 5, 0, 0, 6.29%, 0, 0, 1, 280.34
1503726485, 82, 4, 5, 0, 0, 6.29%, 0, 0, 1, 278.84
1503726490, 83, 2, 5, 0, 0, 6.29%, 0, 0, 1, 284.03
1503726495, 83, 4, 5, 0, 0, 6.29%, 0, 0, 1, 279.96
1503726500, 84, 2, 5, 0, 0, 6.29%, 0, 0, 1, 285.37
1503726506, 85, 0, 5, 0, 0, 6.29%, 0, 0, 1, 281.38
1503726511, 85, 2, 5, 0, 0, 6.29%, 0, 0, 1, 284.83
1503726516, 86, 0, 5, 0, 0, 6.29%, 0, 0, 1, 280.70
1503726521, 86, 2, 5, 0, 0, 6.29%, 0, 0, 1, 279.45
1503726526, 87, 0, 5, 0, 0, 6.29%, 0, 0, 1, 284.52
1503726531, 87, 2, 5, 0, 0, 6.29%, 0, 0, 1, 280.82
1503726536, 88, 0, 5, 0, 0, 6.29%, 0, 0, 1, 285.22
1503726541, 88, 2, 5, 0, 0, 6.29%, 0, 0, 1, 281.24
1503726547, 89, 0, 5, 0, 0, 6.29%, 0, 0, 1, 284.18
1503726552, 89, 3, 5, 0, 0, 6.29%, 0, 0, 1, 284.49
1503726557, 90, 0, 5, 0, 0, 6.29%, 0, 0, 1, 279.71
1503726562, 90, 2, 5, 0, 0, 6.29%, 0, 0, 1, 276.11
1503726567, 91, 0, 5, 0, 0, 6.29%, 0, 0, 1, 283.95
1503726572, 91, 2, 5, 0, 0, 6.29%, 0, 0, 1, 282.04
1503726577, 92, 0, 5, 0, 0, 6.29%, 0, 0, 1, 279.48
1503726582, 92, 2, 5, 0, 0, 6.29%, 0, 0, 1, 284.38
1503726588, 93, 0, 5, 0, 0, 6.29%, 0, 0, 1, 281.21
1503726593, 93, 2, 5, 0, 0, 6.29%, 0, 0, 1, 278.86
1503726598, 94, 0, 5, 0, 0, 6.29%, 0, 0, 1, 283.59
1503726603, 94, 2, 5, 0, 0, 6.29%, 0, 0, 1, 283.94
1503726608, 95, 0, 5, 0, 0, 6.29%, 0, 0, 1, 281.08
1503726613, 95, 3, 5, 0, 0, 6.29%, 0, 0, 1, 283.62
1503726618, 96, 0, 5, 0, 0, 6.29%, 0, 0, 1, 280.10
1503726624, 96, 3, 5, 0, 0, 6.29%, 0, 0, 1, 283.45
1503726629, 97, 0, 5, 0, 0, 6.29%, 0, 0, 1, 38.65
1503726634, 97, 3, 5, 0, 0, 6.29%, 0, 0, 1, 284.26
1503726639, 98, 1, 5, 0, 0, 6.29%, 0, 0, 1, 281.40
1503726644, 98, 3, 5, 0, 0, 6.29%, 0, 0, 1, 285.56
1503726649, 99, 1, 5, 0, 0, 6.29%, 0, 0, 1, 281.62
1503726654, 99, 3, 5, 0, 0, 6.29%, 0, 0, 1, 280.04
1503726659, 100, 1, 5, 0, 0, 6.29%, 0, 0, 1, 274.09
1503726664, 100, 4, 5, 0, 0, 6.29%, 0, 0, 1, 279.51
1503726670, 101, 1, 5, 0, 0, 6.29%, 0, 0, 1, 285.94
1503726675, 101, 4, 5, 0, 0, 6.29%, 0, 0, 1, 285.67
1503726680, 102, 1, 5, 0, 0, 6.29%, 0, 0, 1, 283.50
1503726685, 102, 4, 5, 0, 0, 6.29%, 0, 0, 1, 285.21
1503726690, 103, 1, 5, 0, 0, 6.29%, 0, 0, 1, 273.48
1503726695, 103, 4, 5, 0, 0, 6.29%, 0, 0, 1, 285.40
1503726701, 104, 1, 5, 0, 0, 6.29%, 0, 0, 1, 282.39
1503726706, 104, 4, 5, 0, 0, 6.29%, 0, 0, 1, 281.37
1503726711, 105, 1, 5, 0, 0, 6.29%, 0, 0, 1, 278.98
1503726716, 105, 4, 5, 0, 0, 6.29%, 0, 0, 1, 281.23
1503726721, 106, 2, 5, 0, 0, 6.29%, 0, 0, 1, 281.49
1503726726, 106, 4, 5, 0, 0, 6.29%, 0, 0, 1, 278.12
1503726731, 107, 2, 5, 0, 0, 6.29%, 0, 0, 1, 277.09
1503726736, 108, 0, 5, 0, 0, 6.29%, 0, 0, 1, 282.87
1503726741, 108, 2, 5, 0, 0, 6.29%, 0, 0, 1, 281.55
1503726746, 109, 0, 5, 0, 0, 6.29%, 0, 0, 1, 278.21
1503726751, 109, 2, 5, 0, 0, 6.29%, 0, 0, 1, 283.03
1503726756, 110, 0, 5, 0, 0, 6.29%, 0, 0, 1, 279.10
1503726761, 110, 2, 5, 0, 0, 6.29%, 0, 0, 1, 284.25
1503726766, 111, 0, 5, 0, 0, 6.29%, 0, 0, 1, 280.53
1503726772, 111, 2, 5, 0, 0, 6.29%, 0, 0, 1, 284.72
1503726777, 112, 0, 5, 0, 0, 6.29%, 0, 0, 1, 280.03
1503726782, 112, 2, 5, 0, 0, 6.29%, 0, 0, 1, 280.41
1503726787, 113, 0, 5, 0, 0, 6.29%, 0, 0, 1, 279.42
1503726792, 113, 2, 5, 0, 0, 6.29%, 0, 0, 1, 282.85
1503726797, 114, 0, 5, 0, 0, 6.29%, 0, 0, 1, 285.66
1503726802, 114, 3, 5, 0, 0, 6.29%, 0, 0, 1, 286.46
1503726808, 115, 1, 5, 0, 0, 6.29%, 0, 0, 1, 287.05
1503726813, 115, 3, 5, 0, 0, 6.29%, 0, 0, 1, 282.96
1503726818, 116, 1, 5, 0, 0, 6.29%, 0, 0, 1, 282.32
1503726823, 116, 3, 5, 0, 0, 6.29%, 0, 0, 1, 280.80
1503726828, 117, 1, 5, 0, 0, 6.29%, 0, 0, 1, 285.95
1503726834, 117, 4, 5, 0, 0, 6.29%, 0, 0, 1, 283.54
1503726839, 118, 1, 5, 0, 0, 6.29%, 0, 0, 1, 286.00
1503726844, 118, 3, 5, 0, 0, 6.29%, 0, 0, 1, 284.16
1503726849, 119, 1, 5, 0, 0, 6.29%, 0, 0, 1, 283.66
1503726854, 119, 3, 5, 0, 0, 6.29%, 0, 0, 1, 286.91
1503726859, 120, 1, 5, 0, 0, 6.29%, 0, 0, 1, 284.87
1503726864, 120, 4, 5, 0, 0, 6.29%, 0, 0, 1, 286.85
1503726869, 121, 1, 5, 0, 0, 6.29%, 0, 0, 1, 282.18
1503726874, 121, 3, 5, 0, 0, 6.29%, 0, 0, 1, 277.29
1503726880, 122, 1, 5, 0, 0, 6.29%, 0, 0, 1, 277.36
1503726885, 122, 4, 5, 0, 0, 6.29%, 0, 0, 1, 282.52
1503726890, 123, 1, 5, 0, 0, 6.29%, 0, 0, 1, 281.14
1503726895, 123, 4, 5, 0, 0, 6.29%, 0, 0, 1, 281.48
1503726900, 124, 1, 5, 0, 0, 6.29%, 0, 0, 1, 272.11
1503726905, 124, 4, 5, 0, 0, 6.29%, 0, 0, 1, 271.54
1503726910, 125, 1, 5, 0, 0, 6.29%, 0, 0, 1, 275.12
1503726915, 125, 4, 5, 0, 0, 6.29%, 0, 0, 1, 276.99
1503726920, 126, 1, 5, 0, 0, 6.29%, 0, 0, 1, 271.91
1503726926, 126, 4, 5, 0, 0, 6.29%, 0, 0, 1, 275.22
1503726931, 127, 1, 5, 0, 0, 6.29%, 0, 0, 1, 272.46
1503726936, 127, 3, 5, 0, 0, 6.29%, 0, 0, 1, 276.59
1503726941, 128, 1, 5, 0, 0, 6.29%, 0, 0, 1, 270.93
1503726946, 128, 4, 5, 0, 0, 6.29%, 0, 0, 1, 277.75
1503726951, 129, 1, 5, 0, 0, 6.29%, 0, 0, 1, 279.60
1503726956, 129, 4, 5, 0, 0, 6.29%, 0, 0, 1, 279.41
1503726961, 130, 1, 5, 0, 0, 6.29%, 0, 0, 1, 274.07
1503726966, 130, 4, 5, 0, 0, 6.29%, 0, 0, 1, 280.56
1503726971, 131, 1, 5, 0, 0, 6.29%, 0, 0, 1, 274.47
1503726976, 131, 3, 5, 0, 0, 6.29%, 0, 0, 1, 281.58
1503726982, 132, 1, 5, 0, 0, 6.29%, 0, 0, 1, 285.42
1503726987, 132, 4, 5, 0, 0, 6.29%, 0, 0, 1, 285.88
1503726992, 133, 1, 5, 0, 0, 6.29%, 0, 0, 1, 280.36
1503726997, 133, 4, 5, 0, 0, 6.29%, 0, 0, 1, 283.64
1503727002, 134, 1, 5, 0, 0, 6.29%, 0, 0, 1, 283.59
1503727007, 135, 0, 5, 0, 0, 6.29%, 0, 0, 1, 282.96
1503727012, 135, 2, 5, 0, 0, 6.29%, 0, 0, 1, 283.20
1503727017, 136, 0, 5, 0, 0, 6.29%, 0, 0, 1, 273.79
1503727023, 136, 2, 5, 0, 0, 6.29%, 0, 0, 1, 283.89
1503727028, 137, 0, 5, 0, 0, 6.29%, 0, 0, 1, 276.05
1503727033, 137, 3, 5, 0, 0, 6.29%, 0, 0, 1, 283.49
1503727038, 138, 1, 5, 0, 0, 6.29%, 0, 0, 1, 285.55
1503727043, 138, 3, 5, 0, 0, 6.29%, 0, 0, 1, 278.45
1503727048, 139, 1, 5, 0, 0, 6.29%, 0, 0, 1, 272.94
1503727053, 139, 3, 5, 0, 0, 6.29%, 0, 0, 1, 270.16
1503727059, 140, 1, 5, 0, 0, 6.29%, 0, 0, 1, 282.18
1503727064, 140, 3, 5, 0, 0, 6.29%, 0, 0, 1, 285.80
1503727069, 141, 1, 5, 0, 0, 6.29%, 0, 0, 1, 278.72
1503727074, 141, 3, 5, 0, 0, 6.29%, 0, 0, 1, 273.33
1503727079, 142, 1, 5, 0, 0, 6.29%, 0, 0, 1, 271.62
1503727084, 142, 3, 5, 0, 0, 6.29%, 0, 0, 1, 271.57
1503727089, 143, 1, 5, 0, 0, 6.29%, 0, 0, 1, 270.62
1503727095, 143, 3, 5, 0, 0, 6.29%, 0, 0, 1, 285.12
1503727100, 144, 1, 5, 0, 0, 6.29%, 0, 0, 1, 285.59
1503727105, 144, 4, 5, 0, 0, 6.29%, 0, 0, 1, 282.51
1503727110, 145, 1, 5, 0, 0, 6.29%, 0, 0, 1, 274.40
1503727115, 145, 3, 5, 0, 0, 6.29%, 0, 0, 1, 278.03
1503727120, 146, 1, 5, 0, 0, 6.29%, 0, 0, 1, 280.57
1503727125, 146, 3, 5, 0, 0, 6.29%, 0, 0, 1, 279.08
1503727130, 147, 1, 5, 0, 0, 6.29%, 0, 0, 1, 284.24
1503727136, 147, 3, 5, 0, 0, 6.29%, 0, 0, 1, 285.42
1503727141, 148, 1, 5, 0, 0, 6.29%, 0, 0, 1, 274.81
1503727146, 148, 4, 5, 0, 0, 6.29%, 0, 0, 1, 280.55
1503727151, 149, 1, 5, 0, 0, 6.29%, 0, 0, 1, 282.58
1503727156, 149, 4, 5, 0, 0, 6.29%, 0, 0, 1, 277.30
1503727161, 150, 1, 5, 0, 0, 6.29%, 0, 0, 1, 274.12
1503727166, 150, 4, 5, 0, 0, 6.29%, 0, 0, 1, 267.41
1503727171, 151, 1, 6, 1, 0, 6.29%, 0, 0, 2, 272.15
1503727176, 151, 5, 6, 1, 1, 6.29%, 0, 0, 2, 272.02
1503727192, 152, 1, 6, 0, 0, 6.29%, 0, 0, 2, 271.50
1503727197, 152, 4, 6, 0, 0, 6.29%, 0, 0, 2, 270.86
1503727202, 153, 0, 6, 0, 0, 6.29%, 0, 0, 2, 278.69
1503727207, 153, 3, 6, 0, 0, 6.29%, 0, 0, 2, 284.35
1503727212, 153, 5, 6, 0, 0, 6.29%, 0, 0, 2, 285.77
1503727217, 154, 2, 6, 0, 0, 6.29%, 0, 0, 2, 286.81
1503727222, 154, 5, 6, 0, 0, 6.29%, 0, 0, 2, 283.22
1503727228, 155, 0, 6, 0, 0, 6.29%, 0, 0, 2, 266.57
1503727233, 155, 3, 6, 0, 0, 6.29%, 0, 0, 2, 276.79
1503727238, 155, 5, 6, 0, 0, 6.29%, 0, 0, 2, 279.85
1503727243, 156, 1, 6, 0, 0, 6.29%, 0, 0, 2, 281.57
1503727248, 156, 4, 6, 0, 0, 6.29%, 0, 0, 2, 284.63
1503727253, 157, 0, 6, 0, 0, 6.29%, 0, 0, 2, 284.34
1503727258, 157, 2, 6, 0, 0, 6.29%, 0, 0, 2, 283.78
1503727263, 157, 5, 6, 0, 0, 6.29%, 0, 0, 2, 284.74
1503727268, 158, 1, 6, 0, 0, 6.29%, 0, 0, 2, 279.24
1503727273, 158, 4, 6, 0, 0, 6.29%, 0, 0, 2, 273.88
1503727278, 159, 0, 6, 0, 0, 6.29%, 0, 0, 2, 281.51
1503727283, 159, 2, 6, 0, 0, 6.29%, 0, 0, 2, 282.59
1503727288, 159, 5, 6, 0, 0, 6.29%, 0, 0, 2, 284.78
1503727294, 160, 1, 6, 0, 0, 6.29%, 0, 0, 2, 284.38
1503727299, 160, 4, 6, 0, 0, 6.29%, 0, 0, 2, 280.68
1503727304, 161, 0, 6, 0, 0, 6.29%, 0, 0, 2, 285.62
1503727309, 161, 3, 6, 0, 0, 6.29%, 0, 0, 2, 285.73
1503727314, 161, 5, 6, 0, 0, 6.29%, 0, 0, 2, 285.33
1503727319, 162, 1, 6, 0, 0, 6.29%, 0, 0, 2, 284.66
1503727324, 162, 4, 6, 0, 0, 6.29%, 0, 0, 2, 280.82
1503727329, 163, 0, 6, 0, 0, 6.29%, 0, 0, 2, 284.28
1503727334, 163, 3, 6, 0, 0, 6.29%, 0, 0, 2, 284.82
1503727339, 163, 5, 6, 0, 0, 6.29%, 0, 0, 2, 275.51
1503727344, 164, 2, 6, 0, 0, 6.29%, 0, 0, 2, 268.85
1503727350, 164, 5, 6, 0, 0, 6.29%, 0, 0, 2, 274.48
1503727355, 165, 1, 6, 0, 0, 6.29%, 0, 0, 2, 280.41
1503727360, 165, 4, 6, 0, 0, 6.29%, 0, 0, 2, 280.17
1503727365, 166, 0, 6, 0, 0, 6.29%, 0, 0, 2, 271.30
1503727370, 166, 3, 6, 0, 0, 6.29%, 0, 0, 2, 270.30
1503727375, 166, 5, 6, 0, 0, 6.29%, 0, 0, 2, 278.80
1503727380, 167, 1, 6, 0, 0, 6.29%, 0, 0, 2, 272.21
1503727385, 167, 5, 6, 0, 0, 6.29%, 0, 0, 2, 282.36
1503727390, 168, 0, 6, 0, 0, 6.29%, 0, 0, 2, 268.57
1503727396, 168, 3, 6, 0, 0, 6.29%, 0, 0, 2, 283.67
1503727401, 168, 5, 6, 0, 0, 6.29%, 0, 0, 2, 283.72
1503727406, 169, 2, 6, 0, 0, 6.29%, 0, 0, 2, 283.72
1503727411, 169, 5, 6, 0, 0, 6.29%, 0, 0, 2, 285.59
1503727416, 170, 1, 6, 0, 0, 6.29%, 0, 0, 2, 283.95
1503727421, 170, 3, 6, 0, 0, 6.29%, 0, 0, 2, 267.85
1503727426, 170, 5, 6, 0, 0, 6.29%, 0, 0, 2, 277.15
1503727431, 171, 2, 6, 0, 0, 6.29%, 0, 0, 2, 268.16
1503727437, 171, 5, 6, 0, 0, 6.29%, 0, 0, 2, 274.73
1503727442, 172, 1, 6, 0, 0, 6.29%, 0, 0, 2, 280.23
1503727447, 172, 3, 6, 0, 0, 6.29%, 0, 0, 2, 281.72
1503727452, 172, 5, 6, 0, 0, 6.29%, 0, 0, 2, 277.16
1503727457, 173, 2, 6, 0, 0, 6.29%, 0, 0, 2, 282.52
1503727462, 173, 5, 6, 0, 0, 6.29%, 0, 0, 2, 282.70
1503727467, 174, 1, 6, 0, 0, 6.29%, 0, 0, 2, 281.16
1503727472, 174, 4, 6, 0, 0, 6.29%, 0, 0, 2, 277.42
1503727477, 175, 0, 6, 0, 0, 6.29%, 0, 0, 2, 275.47
1503727482, 175, 2, 6, 0, 0, 6.29%, 0, 0, 2, 285.17
1503727487, 175, 5, 6, 0, 0, 6.29%, 0, 0, 2, 280.66
1503727492, 176, 1, 6, 0, 0, 6.29%, 0, 0, 2, 273.65
1503727497, 176, 4, 6, 0, 0, 6.29%, 0, 0, 2, 281.42
1503727503, 176, 5, 6, 0, 0, 6.29%, 0, 0, 2, 267.40
1503727508, 177, 2, 6, 0, 0, 6.29%, 0, 0, 2, 277.01
1503727513, 177, 5, 6, 0, 0, 6.29%, 0, 0, 2, 282.93
1503727518, 178, 1, 6, 0, 0, 6.29%, 0, 0, 2, 278.73
1503727523, 178, 4, 6, 0, 0, 6.29%, 0, 0, 2, 282.49
1503727528, 179, 0, 6, 0, 0, 6.29%, 0, 0, 2, 283.96
1503727533, 179, 3, 6, 0, 0, 6.29%, 0, 0, 2, 283.57
1503727539, 179, 5, 6, 0, 0, 6.29%, 0, 0, 2, 281.59
1503727544, 180, 1, 6, 0, 0, 6.29%, 0, 0, 2, 269.26
1503727549, 180, 5, 6, 0, 0, 6.29%, 0, 0, 2, 285.00
1503727554, 181, 0, 6, 0, 0, 6.29%, 0, 0, 2, 281.67
1503727559, 181, 4, 6, 0, 0, 6.29%, 0, 0, 2, 276.33
1503727564, 181, 5, 6, 0, 0, 6.29%, 0, 0, 2, 277.90
1503727569, 182, 2, 6, 0, 0, 6.29%, 0, 0, 2, 274.19
1503727574, 182, 5, 6, 0, 0, 6.29%, 0, 0, 2, 277.72
1503727579, 183, 1, 6, 0, 0, 6.29%, 0, 0, 2, 277.00
1503727584, 183, 3, 6, 0, 0, 6.29%, 0, 0, 2, 270.50
1503727589, 183, 5, 6, 0, 0, 6.29%, 0, 0, 2, 280.80
1503727594, 184, 2, 6, 0, 0, 6.29%, 0, 0, 2, 282.89
1503727599, 184, 5, 6, 0, 0, 6.29%, 0, 0, 2, 282.55
1503727605, 185, 1, 6, 0, 0, 6.29%, 0, 0, 2, 280.86
1503727610, 185, 3, 6, 0, 0, 6.29%, 0, 0, 2, 274.91
1503727615, 185, 5, 6, 0, 0, 6.29%, 0, 0, 2, 275.84
1503727620, 186, 2, 6, 0, 0, 6.29%, 0, 0, 2, 282.17
1503727625, 186, 5, 6, 0, 0, 6.29%, 0, 0, 2, 275.78
1503727630, 187, 1, 6, 0, 0, 6.29%, 0, 0, 2, 280.96
1503727635, 187, 3, 6, 0, 0, 6.29%, 0, 0, 2, 280.07
1503727640, 187, 5, 6, 0, 0, 6.29%, 0, 0, 2, 272.90
1503727646, 188, 1, 6, 0, 0, 6.29%, 0, 0, 2, 274.62
1503727651, 188, 4, 6, 0, 0, 6.29%, 0, 0, 2, 270.99
1503727656, 189, 1, 6, 0, 0, 6.29%, 0, 0, 2, 264.32
1503727661, 189, 4, 6, 0, 0, 6.29%, 0, 0, 2, 279.19
1503727666, 190, 1, 6, 0, 0, 6.29%, 0, 0, 2, 265.06
1503727671, 190, 3, 6, 0, 0, 6.29%, 0, 0, 2, 275.30
1503727676, 191, 0, 6, 0, 0, 6.29%, 0, 0, 2, 279.59
1503727681, 191, 3, 6, 0, 0, 6.29%, 0, 0, 2, 283.31
1503727687, 192, 0, 6, 0, 0, 6.29%, 0, 0, 2, 275.60
1503727692, 192, 3, 6, 0, 0, 6.29%, 0, 0, 2, 272.40
1503727697, 193, 0, 6, 0, 0, 6.29%, 0, 0, 2, 266.76
1503727702, 193, 3, 6, 0, 0, 6.29%, 0, 0, 2, 280.90
1503727707, 194, 1, 6, 0, 0, 6.29%, 0, 0, 2, 283.47
1503727712, 194, 4, 6, 0, 0, 6.29%, 0, 0, 2, 277.50
1503727717, 195, 1, 6, 0, 0, 6.29%, 0, 0, 2, 281.22
1503727722, 195, 4, 6, 0, 0, 6.29%, 0, 0, 2, 276.96
1503727727, 196, 1, 6, 0, 0, 6.29%, 0, 0, 2, 282.51
1503727733, 196, 4, 6, 0, 0, 6.29%, 0, 0, 2, 285.05
1503727738, 197, 2, 6, 0, 0, 6.29%, 0, 0, 2, 283.59
1503727743, 197, 5, 6, 0, 0, 6.29%, 0, 0, 2, 284.68
1503727748, 198, 2, 6, 0, 0, 6.29%, 0, 0, 2, 279.76
1503727753, 199, 0, 6, 0, 0, 6.29%, 0, 0, 2, 284.20
1503727758, 199, 2, 6, 0, 0, 6.29%, 0, 0, 2, 286.03
1503727763, 200, 0, 6, 0, 0, 6.29%, 0, 0, 2, 277.52
1503727768, 200, 2, 6, 0, 0, 6.29%, 0, 0, 2, 283.44
1503727774, 201, 0, 6, 0, 0, 6.29%, 0, 0, 2, 278.62
1503727779, 201, 2, 6, 0, 0, 6.29%, 0, 0, 2, 282.02
1503727784, 202, 0, 6, 0, 0, 6.29%, 0, 0, 2, 281.52
1503727789, 202, 2, 6, 0, 0, 6.29%, 0, 0, 2, 281.07
1503727794, 203, 0, 6, 0, 0, 6.29%, 0, 0, 2, 283.59
1503727799, 203, 2, 6, 0, 0, 6.29%, 0, 0, 2, 283.44
1503727804, 204, 0, 6, 0, 0, 6.29%, 0, 0, 2, 281.37
1503727809, 204, 3, 6, 0, 0, 6.29%, 0, 0, 2, 284.86
1503727814, 205, 0, 6, 0, 0, 6.29%, 0, 0, 2, 279.30
1503727819, 205, 3, 6, 0, 0, 6.29%, 0, 0, 2, 284.50
1503727824, 206, 1, 6, 0, 0, 6.29%, 0, 0, 2, 285.04
1503727830, 206, 4, 6, 0, 0, 6.29%, 0, 0, 2, 284.87
1503727835, 207, 1, 6, 0, 0, 6.29%, 0, 0, 2, 282.42
1503727840, 207, 4, 6, 0, 0, 6.29%, 0, 0, 2, 282.86
1503727845, 208, 1, 6, 0, 0, 6.29%, 0, 0, 2, 284.90
1503727850, 208, 5, 6, 0, 0, 6.29%, 0, 0, 2, 273.23
1503727855, 209, 2, 6, 0, 0, 6.29%, 0, 0, 2, 280.68
1503727860, 210, 0, 6, 0, 0, 6.29%, 0, 0, 2, 282.26
1503727865, 210, 3, 6, 0, 0, 6.29%, 0, 0, 2, 283.26
1503727870, 211, 0, 6, 0, 0, 6.29%, 0, 0, 2, 277.75
1503727875, 211, 3, 6, 0, 0, 6.29%, 0, 0, 2, 282.90
1503727880, 212, 0, 6, 0, 0, 6.29%, 0, 0, 2, 277.13
1503727885, 212, 4, 6, 0, 0, 6.29%, 0, 0, 2, 281.67
1503727891, 213, 1, 6, 0, 0, 6.29%, 0, 0, 2, 284.55
1503727896, 213, 4, 6, 0, 0, 6.29%, 0, 0, 2, 284.23
1503727901, 214, 1, 6, 0, 0, 6.29%, 0, 0, 2, 282.43
1503727906, 214, 4, 6, 0, 0, 6.29%, 0, 0, 2, 280.94
1503727911, 215, 1, 6, 0, 0, 6.29%, 0, 0, 2, 279.63
1503727916, 215, 4, 6, 0, 0, 6.29%, 0, 0, 2, 269.71
1503727921, 216, 1, 6, 0, 0, 6.29%, 0, 0, 2, 264.49
1503727926, 216, 4, 6, 0, 0, 6.29%, 0, 0, 2, 277.33
1503727931, 217, 1, 6, 0, 0, 6.29%, 0, 0, 2, 279.62
1503727937, 217, 3, 6, 0, 0, 6.29%, 0, 0, 2, 279.88
1503727942, 218, 1, 6, 0, 0, 6.29%, 0, 0, 2, 279.60
1503727947, 218, 3, 6, 0, 0, 6.29%, 0, 0, 2, 264.09
1503727952, 219, 1, 6, 0, 0, 6.29%, 0, 0, 2, 267.76
1503727957, 219, 4, 6, 0, 0, 6.29%, 0, 0, 2, 281.32
1503727962, 220, 1, 6, 0, 0, 6.29%, 0, 0, 2, 284.34
1503727967, 220, 5, 6, 0, 0, 6.29%, 0, 0, 2, 283.19
1503727972, 221, 2, 6, 0, 0, 6.29%, 0, 0, 2, 276.63
1503727977, 221, 5, 6, 0, 0, 6.29%, 0, 0, 2, 282.49
1503727982, 222, 2, 6, 0, 0, 6.29%, 0, 0, 2, 284.41
1503727988, 223, 0, 6, 0, 0, 6.29%, 0, 0, 2, 271.78
1503727993, 223, 2, 6, 0, 0, 6.29%, 0, 0, 2, 285.05
1503727998, 224, 0, 6, 0, 0, 6.29%, 0, 0, 2, 285.16
1503728003, 224, 2, 6, 0, 0, 6.29%, 0, 0, 2, 278.87
1503728008, 225, 0, 6, 0, 0, 6.29%, 0, 0, 2, 282.97
1503728013, 225, 2, 6, 0, 0, 6.29%, 0, 0, 2, 282.99
1503728018, 226, 0, 6, 0, 0, 6.29%, 0, 0, 2, 281.31
1503728024, 226, 3, 6, 0, 0, 6.29%, 0, 0, 2, 282.64
1503728029, 227, 0, 6, 0, 0, 6.29%, 0, 0, 2, 280.67
1503728034, 227, 3, 6, 0, 0, 6.29%, 0, 0, 2, 278.15
1503728039, 228, 0, 6, 0, 0, 6.29%, 0, 0, 2, 283.65
1503728044, 228, 3, 6, 0, 0, 6.29%, 0, 0, 2, 283.54
1503728049, 229, 1, 6, 0, 0, 6.29%, 0, 0, 2, 281.62
1503728054, 229, 4, 6, 0, 0, 6.29%, 0, 0, 2, 280.16
1503728059, 230, 1, 6, 0, 0, 6.29%, 0, 0, 2, 278.49
1503728064, 230, 4, 6, 0, 0, 6.29%, 0, 0, 2, 280.09
1503728069, 231, 1, 6, 0, 0, 6.29%, 0, 0, 2, 282.96
1503728074, 231, 4, 6, 0, 0, 6.29%, 0, 0, 2, 277.70
1503728080, 232, 1, 6, 0, 0, 6.29%, 0, 0, 2, 278.15
1503728085, 232, 5, 6, 0, 0, 6.29%, 0, 0, 2, 275.58
1503728090, 233, 2, 6, 0, 0, 6.29%, 0, 0, 2, 279.96
1503728095, 233, 5, 6, 0, 0, 6.29%, 0, 0, 2, 274.00
1503728100, 234, 2, 6, 0, 0, 6.29%, 0, 0, 2, 267.78
1503728105, 235, 0, 6, 0, 0, 6.29%, 0, 0, 2, 271.10
1503728110, 235, 2, 6, 0, 0, 6.29%, 0, 0, 2, 279.27
1503728115, 236, 0, 6, 0, 0, 6.29%, 0, 0, 2, 284.13
1503728120, 236, 3, 6, 0, 0, 6.29%, 0, 0, 2, 284.28
1503728125, 237, 1, 6, 0, 0, 6.29%, 0, 0, 2, 284.37
1503728131, 237, 4, 6, 0, 0, 6.29%, 0, 0, 2, 284.90
1503728136, 238, 1, 6, 0, 0, 6.29%, 0, 0, 2, 284.85
1503728141, 238, 4, 6, 0, 0, 6.29%, 0, 0, 2, 281.37
1503728146, 239, 1, 6, 0, 0, 6.29%, 0, 0, 2, 284.42
1503728151, 239, 5, 6, 0, 0, 6.29%, 0, 0, 2, 277.05
1503728156, 240, 2, 6, 0, 0, 6.29%, 0, 0, 2, 275.03
1503728161, 240, 5, 6, 0, 0, 6.29%, 0, 0, 2, 282.37
1503728166, 241, 2, 6, 0, 0, 6.29%, 0, 0, 2, 284.51
1503728171, 241, 5, 6, 0, 0, 6.29%, 0, 0, 2, 279.45
1503728176, 242, 2, 6, 0, 0, 6.29%, 0, 0, 2, 273.94
1503728181, 243, 0, 6, 0, 0, 6.29%, 0, 0, 2, 279.58
1503728187, 243, 3, 6, 0, 0, 6.29%, 0, 0, 2, 271.05
1503728192, 244, 0, 6, 0, 0, 6.29%, 0, 0, 2, 268.38
1503728197, 244, 3, 6, 0, 0, 6.29%, 0, 0, 2, 274.85
1503728202, 245, 0, 6, 0, 0, 6.29%, 0, 0, 2, 244.53
1503728207, 245, 2, 6, 0, 0, 6.29%, 0, 0, 2, 266.01
1503728212, 245, 5, 6, 0, 0, 6.29%, 0, 0, 2, 270.89
1503728217, 246, 2, 6, 0, 0, 6.29%, 0, 0, 2, 274.35
1503728222, 246, 5, 6, 0, 0, 6.29%, 0, 0, 2, 275.80
1503728227, 247, 2, 6, 0, 0, 6.29%, 0, 0, 2, 266.01
1503728232, 248, 0, 6, 0, 0, 6.29%, 0, 0, 2, 272.26
1503728238, 248, 2, 6, 0, 0, 6.29%, 0, 0, 2, 271.14
1503728243, 249, 0, 6, 0, 0, 6.29%, 0, 0, 2, 280.83
1503728248, 249, 2, 6, 0, 0, 6.29%, 0, 0, 2, 281.26
1503728253, 250, 0, 6, 0, 0, 6.29%, 0, 0, 2, 283.10
1503728258, 250, 2, 6, 0, 0, 6.29%, 0, 0, 2, 272.43
1503728263, 251, 0, 6, 0, 0, 6.29%, 0, 0, 2, 275.04
1503728268, 251, 3, 6, 0, 0, 6.29%, 0, 0, 2, 284.59
1503728273, 252, 0, 6, 0, 0, 6.29%, 0, 0, 2, 276.53
1503728278, 252, 3, 6, 0, 0, 6.29%, 0, 0, 2, 273.81
1503728283, 253, 0, 6, 0, 0, 6.29%, 0, 0, 2, 272.98
1503728288, 253, 3, 6, 0, 0, 6.29%, 0, 0, 2, 268.80
1503728293, 254, 0, 6, 0, 0, 6.29%, 0, 0, 2, 281.81
1503728299, 254, 3, 6, 0, 0, 6.29%, 0, 0, 2, 281.98
1503728304, 255, 1, 6, 0, 0, 6.29%, 0, 0, 2, 283.03
1503728309, 255, 4, 6, 0, 0, 6.29%, 0, 0, 2, 276.69
1503728314, 256, 1, 6, 0, 0, 6.29%, 0, 0, 2, 281.57
1503728319, 256, 4, 6, 0, 0, 6.29%, 0, 0, 2, 274.41
1503728324, 257, 1, 6, 0, 0, 6.29%, 0, 0, 2, 278.16
1503728329, 257, 4, 6, 0, 0, 6.29%, 0, 0, 2, 277.97
1503728334, 258, 1, 6, 0, 0, 6.29%, 0, 0, 2, 276.22
1503728339, 258, 4, 6, 0, 0, 6.29%, 0, 0, 2, 283.00
1503728345, 259, 1, 6, 0, 0, 6.29%, 0, 0, 2, 284.22
1503728350, 259, 4, 6, 0, 0, 6.29%, 0, 0, 2, 277.17
1503728355, 260, 1, 6, 0, 0, 6.29%, 0, 0, 2, 282.58
1503728360, 260, 4, 6, 0, 0, 6.29%, 0, 0, 2, 274.21
1503728365, 261, 2, 6, 0, 0, 6.29%, 0, 0, 2, 278.64
1503728370, 261, 5, 6, 0, 0, 6.29%, 0, 0, 2, 279.78
1503728375, 262, 2, 6, 0, 0, 6.29%, 0, 0, 2, 275.20
1503728380, 263, 0, 6, 0, 0, 6.29%, 0, 0, 2, 282.05
1503728385, 263, 2, 6, 0, 0, 6.29%, 0, 0, 2, 285.13
1503728390, 264, 0, 6, 0, 0, 6.29%, 0, 0, 2, 273.32
1503728396, 264, 2, 6, 0, 0, 6.29%, 0, 0, 2, 270.48
1503728401, 265, 0, 6, 0, 0, 6.29%, 0, 0, 2, 277.55
1503728406, 265, 3, 6, 0, 0, 6.29%, 0, 0, 2, 282.61
1503728411, 266, 0, 6, 0, 0, 6.29%, 0, 0, 2, 261.25
1503728416, 266, 2, 6, 0, 0, 6.29%, 0, 0, 2, 259.85
1503728421, 267, 0, 6, 0, 0, 6.29%, 0, 0, 2, 262.22
1503728426, 267, 2, 6, 0, 0, 6.29%, 0, 0, 2, 275.95
1503728431, 268, 0, 6, 0, 0, 6.29%, 0, 0, 2, 274.41
1503728436, 268, 2, 6, 0, 0, 6.29%, 0, 0, 2, 271.06
1503728441, 269, 0, 6, 0, 0, 6.29%, 0, 0, 2, 267.04
1503728446, 269, 2, 6, 0, 0, 6.29%, 0, 0, 2, 281.49
1503728451, 270, 0, 6, 0, 0, 6.29%, 0, 0, 2, 282.07
1503728456, 270, 2, 6, 0, 0, 6.29%, 0, 0, 2, 273.16
1503728462, 271, 0, 6, 0, 0, 6.29%, 0, 0, 2, 278.40
1503728467, 271, 3, 6, 0, 0, 6.29%, 0, 0, 2, 281.65
1503728472, 272, 0, 6, 0, 0, 6.29%, 0, 0, 2, 268.82
1503728477, 272, 3, 6, 0, 0, 6.29%, 0, 0, 2, 272.48
1503728482, 273, 0, 6, 0, 0, 6.29%, 0, 0, 2, 279.41
1503728487, 273, 3, 6, 0, 0, 6.29%, 0, 0, 2, 269.62
1503728492, 274, 1, 6, 0, 0, 6.29%, 0, 0, 2, 271.29
1503728497, 274, 4, 6, 0, 0, 6.29%, 0, 0, 2, 265.58
1503728502, 275, 1, 6, 0, 0, 6.29%, 0, 0, 2, 277.48
1503728507, 275, 3, 6, 0, 0, 6.29%, 0, 0, 2, 149.74
1503728512, 276, 1, 6, 0, 0, 6.29%, 0, 0, 2, 248.46
1503728517, 276, 4, 6, 0, 0, 6.29%, 0, 0, 2, 268.58
1503728522, 277, 1, 6, 0, 0, 6.29%, 0, 0, 2, 287.01
1503728528, 277, 4, 6, 0, 0, 6.29%, 0, 0, 2, 276.37
1503728533, 278, 1, 6, 0, 0, 6.29%, 0, 0, 2, 284.36
1503728538, 278, 4, 6, 0, 0, 6.29%, 0, 0, 2, 278.87
1503728543, 279, 1, 6, 0, 0, 6.29%, 0, 0, 2, 268.41
1503728548, 279, 4, 6, 0, 0, 6.29%, 0, 0, 2, 282.16
1503728553, 280, 1, 6, 0, 0, 6.29%, 0, 0, 2, 273.87
1503728558, 280, 4, 6, 0, 0, 6.29%, 0, 0, 2, 281.69
1503728563, 281, 1, 6, 0, 0, 6.29%, 0, 0, 2, 281.98
1503728568, 281, 4, 6, 0, 0, 6.29%, 0, 0, 2, 283.10
1503728573, 282, 1, 6, 0, 0, 6.29%, 0, 0, 2, 273.24
1503728578, 282, 4, 6, 0, 0, 6.29%, 0, 0, 2, 279.86
1503728584, 283, 1, 6, 0, 0, 6.29%, 0, 0, 2, 280.29
1503728589, 283, 4, 6, 0, 0, 6.29%, 0, 0, 2, 279.85
1503728594, 284, 1, 6, 0, 0, 6.29%, 0, 0, 2, 282.21
1503728599, 284, 4, 6, 0, 0, 6.29%, 0, 0, 2, 277.09
1503728604, 285, 2, 6, 0, 0, 6.29%, 0, 0, 2, 281.95
1503728609, 285, 5, 6, 0, 0, 6.29%, 0, 0, 2, 275.77
1503728614, 286, 2, 6, 0, 0, 6.29%, 0, 0, 2, 281.69
1503728619, 286, 5, 6, 0, 0, 6.29%, 0, 0, 2, 279.55
1503728625, 287, 2, 6, 0, 0, 6.29%, 0, 0, 2, 277.70
1503728630, 288, 0, 6, 0, 0, 6.29%, 0, 0, 2, 283.29
1503728635, 288, 2, 6, 0, 0, 6.29%, 0, 0, 2, 281.95
1503728640, 289, 0, 6, 0, 0, 6.29%, 0, 0, 2, 272.25
1503728645, 289, 3, 6, 0, 0, 6.29%, 0, 0, 2, 277.90
1503728650, 290, 0, 6, 0, 0, 6.29%, 0, 0, 2, 277.92
1503728655, 290, 3, 6, 0, 0, 6.29%, 0, 0, 2, 280.66
1503728660, 291, 0, 6, 0, 0, 6.29%, 0, 0, 2, 281.94
1503728665, 291, 3, 6, 0, 0, 6.29%, 0, 0, 2, 274.25
1503728670, 292, 1, 6, 0, 0, 6.29%, 0, 0, 2, 280.59
1503728675, 292, 4, 6, 0, 0, 6.29%, 0, 0, 2, 283.13
1503728681, 293, 1, 6, 0, 0, 6.29%, 0, 0, 2, 278.90
1503728686, 293, 4, 6, 0, 0, 6.29%, 0, 0, 2, 282.31
1503728691, 294, 1, 6, 0, 0, 6.29%, 0, 0, 2, 281.70
1503728696, 294, 5, 6, 0, 0, 6.29%, 0, 0, 2, 275.56
1503728701, 295, 2, 6, 0, 0, 6.29%, 0, 0, 2, 281.39
1503728706, 296, 0, 6, 0, 0, 6.29%, 0, 0, 2, 280.70
1503728711, 296, 2, 6, 0, 0, 6.29%, 0, 0, 2, 277.71
1503728716, 297, 0, 6, 0, 0, 6.29%, 0, 0, 2, 278.22
1503728721, 297, 2, 6, 0, 0, 6.29%, 0, 0, 2, 283.08
1503728726, 298, 0, 6, 0, 0, 6.29%, 0, 0, 2, 281.84
1503728732, 298, 3, 6, 0, 0, 6.29%, 0, 0, 2, 284.29
1503728737, 299, 0, 6, 0, 0, 6.29%, 0, 0, 2, 281.52
1503728742, 299, 3, 6, 0, 0, 6.29%, 0, 0, 2, 277.19
1503728747, 300, 0, 6, 0, 0, 6.29%, 0, 0, 2, 272.68
1503728752, 300, 3, 6, 0, 0, 6.29%, 0, 0, 2, 275.92
1503728757, 301, 0, 6, 0, 0, 6.29%, 0, 0, 2, 271.71
1503728762, 301, 3, 6, 0, 0, 6.29%, 0, 0, 2, 281.03
1503728767, 302, 0, 6, 0, 0, 6.29%, 0, 0, 2, 287.09
1503728772, 302, 3, 6, 0, 0, 6.29%, 0, 0, 2, 281.12
1503728777, 303, 0, 6, 0, 0, 6.29%, 0, 0, 2, 283.48
1503728782, 303, 4, 6, 0, 0, 6.29%, 0, 0, 2, 281.77
1503728787, 304, 1, 6, 0, 0, 6.29%, 0, 0, 2, 278.72
1503728793, 304, 4, 6, 0, 0, 6.29%, 0, 0, 2, 285.28
1503728798, 305, 1, 6, 0, 0, 6.29%, 0, 0, 2, 284.22
1503728803, 305, 4, 6, 0, 0, 6.29%, 0, 0, 2, 285.95
1503728808, 306, 1, 6, 0, 0, 6.29%, 0, 0, 2, 286.64
1503728813, 306, 4, 6, 0, 0, 6.29%, 0, 0, 2, 286.98
1503728818, 307, 1, 6, 0, 0, 6.29%, 0, 0, 2, 278.73
1503728823, 307, 4, 6, 0, 0, 6.29%, 0, 0, 2, 276.84
1503728828, 308, 1, 6, 0, 0, 6.29%, 0, 0, 2, 271.33
1503728834, 308, 4, 6, 0, 0, 6.29%, 0, 0, 2, 279.78
1503728839, 309, 1, 6, 0, 0, 6.29%, 0, 0, 2, 282.37
1503728844, 309, 4, 6, 0, 0, 6.29%, 0, 0, 2, 277.08
1503728849, 310, 1, 6, 0, 0, 6.29%, 0, 0, 2, 269.35
1503728854, 310, 5, 6, 0, 0, 6.29%, 0, 0, 2, 281.23
1503728859, 311, 2, 6, 0, 0, 6.29%, 0, 0, 2, 283.40
1503728864, 311, 5, 6, 0, 0, 6.29%, 0, 0, 2, 282.55
1503728869, 312, 2, 6, 0, 0, 6.29%, 0, 0, 2, 283.87
1503728874, 313, 0, 6, 0, 0, 6.29%, 0, 0, 2, 284.27
1503728879, 313, 3, 6, 0, 0, 6.29%, 0, 0, 2, 284.37
1503728884, 314, 0, 6, 0, 0, 6.29%, 0, 0, 2, 283.44
1503728889, 314, 3, 6, 0, 0, 6.29%, 0, 0, 2, 274.02
1503728894, 315, 0, 6, 0, 0, 6.29%, 0, 0, 2, 280.14
1503728900, 315, 3, 6, 0, 0, 6.29%, 0, 0, 2, 272.47
1503728905, 316, 1, 6, 0, 0, 6.29%, 0, 0, 2, 271.73
1503728910, 316, 4, 6, 0, 0, 6.29%, 0, 0, 2, 283.55
1503728915, 317, 1, 6, 0, 0, 6.29%, 0, 0, 2, 273.15
1503728920, 317, 4, 6, 0, 0, 6.29%, 0, 0, 2, 277.94
1503728925, 318, 1, 6, 0, 0, 6.29%, 0, 0, 2, 272.90
1503728930, 318, 4, 6, 0, 0, 6.29%, 0, 0, 2, 282.71
1503728935, 319, 1, 6, 0, 0, 6.29%, 0, 0, 2, 281.61
1503728940, 319, 4, 6, 0, 0, 6.29%, 0, 0, 2, 282.76
1503728946, 320, 2, 6, 0, 0, 6.29%, 0, 0, 2, 283.17
1503728951, 320, 5, 6, 0, 0, 6.29%, 0, 0, 2, 278.20
1503728956, 321, 2, 6, 0, 0, 6.29%, 0, 0, 2, 278.36
1503728961, 322, 0, 6, 0, 0, 6.29%, 0, 0, 2, 277.83
1503728966, 322, 2, 6, 0, 0, 6.29%, 0, 0, 2, 280.27
1503728971, 323, 0, 6, 0, 0, 6.29%, 0, 0, 2, 278.32
1503728976, 323, 3, 6, 0, 0, 6.29%, 0, 0, 2, 279.01
1503728981, 324, 0, 6, 0, 0, 6.29%, 0, 0, 2, 277.22
1503728987, 324, 3, 6, 0, 0, 6.29%, 0, 0, 2, 274.65
1503728992, 325, 0, 6, 0, 0, 6.29%, 0, 0, 2, 278.07
1503728997, 325, 3, 6, 0, 0, 6.29%, 0, 0, 2, 273.22
1503729002, 326, 0, 6, 0, 0, 6.29%, 0, 0, 2, 278.77
1503729007, 326, 3, 6, 0, 0, 6.29%, 0, 0, 2, 279.80
1503729012, 327, 1, 6, 0, 0, 6.29%, 0, 0, 2, 277.27
1503729017, 327, 3, 6, 0, 0, 6.29%, 0, 0, 2, 276.52
1503729022, 328, 1, 6, 0, 0, 6.29%, 0, 0, 2, 277.07
1503729027, 328, 4, 6, 0, 0, 6.29%, 0, 0, 2, 274.40
1503729032, 329, 1, 6, 0, 0, 6.29%, 0, 0, 2, 277.70
1503729038, 329, 3, 6, 0, 0, 6.29%, 0, 0, 2, 278.37
1503729043, 330, 1, 6, 0, 0, 6.29%, 0, 0, 2, 277.85
1503729048, 330, 4, 6, 0, 0, 6.29%, 0, 0, 2, 281.27
1503729053, 331, 1, 6, 0, 0, 6.29%, 0, 0, 2, 284.47
1503729058, 331, 4, 6, 0, 0, 6.29%, 0, 0, 2, 285.69
1503729063, 332, 1, 6, 0, 0, 6.29%, 0, 0, 2, 285.76
1503729068, 332, 4, 6, 0, 0, 6.29%, 0, 0, 2, 280.83
1503729073, 333, 1, 6, 0, 0, 6.29%, 0, 0, 2, 286.68
1503729078, 333, 4, 6, 0, 0, 6.29%, 0, 0, 2, 285.48
1503729083, 334, 1, 6, 0, 0, 6.29%, 0, 0, 2, 284.44
1503729089, 334, 4, 6, 0, 0, 6.29%, 0, 0, 2, 280.47
1503729094, 335, 2, 6, 0, 0, 6.29%, 0, 0, 2, 284.43
1503729099, 336, 0, 6, 0, 0, 6.29%, 0, 0, 2, 277.00
1503729104, 336, 2, 6, 0, 0, 6.29%, 0, 0, 2, 282.98
1503729109, 337, 0, 6, 0, 0, 6.29%, 0, 0, 2, 281.39
1503729114, 337, 2, 6, 0, 0, 6.29%, 0, 0, 2, 283.25
1503729120, 338, 0, 6, 0, 0, 6.29%, 0, 0, 2, 274.79
1503729125, 338, 3, 6, 0, 0, 6.29%, 0, 0, 2, 280.77
1503729130, 339, 0, 6, 0, 0, 6.29%, 0, 0, 2, 276.21
1503729135, 339, 3, 6, 0, 0, 6.29%, 0, 0, 2, 269.75
1503729140, 340, 0, 6, 0, 0, 6.29%, 0, 0, 2, 280.67
1503729145, 340, 3, 6, 0, 0, 6.29%, 0, 0, 2, 276.30
1503729150, 341, 1, 6, 0, 0, 6.29%, 0, 0, 2, 281.73
1503729155, 341, 3, 6, 0, 0, 6.29%, 0, 0, 2, 278.02
1503729160, 342, 1, 6, 0, 0, 6.29%, 0, 0, 2, 284.11
1503729166, 342, 4, 6, 0, 0, 6.29%, 0, 0, 2, 283.38
1503729171, 343, 1, 6, 0, 0, 6.29%, 0, 0, 2, 281.30
1503729176, 343, 4, 6, 0, 0, 6.29%, 0, 0, 2, 278.60
1503729181, 344, 1, 6, 0, 0, 6.29%, 0, 0, 2, 271.13
1503729186, 344, 4, 6, 0, 0, 6.29%, 0, 0, 2, 271.58
1503729191, 345, 1, 6, 0, 0, 6.29%, 0, 0, 2, 268.22
1503729196, 345, 4, 6, 0, 0, 6.29%, 0, 0, 2, 268.34
1503729201, 346, 1, 6, 0, 0, 6.29%, 0, 0, 2, 277.23
1503729206, 346, 4, 6, 0, 0, 6.29%, 0, 0, 2, 270.62
1503729211, 347, 1, 6, 0, 0, 6.29%, 0, 0, 2, 278.61
1503729216, 347, 3, 6, 0, 0, 6.29%, 0, 0, 2, 285.00
1503729222, 348, 1, 6, 0, 0, 6.29%, 0, 0, 2, 278.69
1503729227, 348, 3, 6, 0, 0, 6.29%, 0, 0, 2, 276.08
1503729232, 349, 0, 6, 0, 0, 6.29%, 0, 0, 2, 271.22
1503729237, 349, 3, 6, 0, 0, 6.29%, 0, 0, 2, 281.19
1503729242, 350, 1, 6, 0, 0, 6.29%, 0, 0, 2, 280.04
1503729247, 350, 4, 6, 0, 0, 6.29%, 0, 0, 2, 284.68
1503729252, 351, 1, 6, 0, 0, 6.29%, 0, 0, 2, 281.34
1503729257, 351, 4, 6, 0, 0, 6.29%, 0, 0, 2, 283.68
1503729263, 352, 1, 6, 0, 0, 6.29%, 0, 0, 2, 281.26
1503729268, 352, 4, 6, 0, 0, 6.29%, 0, 0, 2, 278.93
1503729273, 353, 1, 6, 0, 0, 6.29%, 0, 0, 2, 285.26
1503729278, 353, 4, 6, 0, 0, 6.29%, 0, 0, 2, 279.20
1503729283, 354, 2, 6, 0, 0, 6.29%, 0, 0, 2, 283.26
1503729288, 354, 4, 6, 0, 0, 6.29%, 0, 0, 2, 280.13
1503729293, 355, 2, 6, 0, 0, 6.29%, 0, 0, 2, 284.58
1503729298, 355, 5, 6, 0, 0, 6.29%, 0, 0, 2, 283.61
1503729303, 356, 2, 6, 0, 0, 6.29%, 0, 0, 2, 283.97
1503729308, 356, 5, 6, 0, 0, 6.29%, 0, 0, 2, 285.29
1503729313, 357, 2, 6, 0, 0, 6.29%, 0, 0, 2, 274.96
1503729319, 358, 0, 6, 0, 0, 6.29%, 0, 0, 2, 282.03
1503729324, 358, 3, 6, 0, 0, 6.29%, 0, 0, 2, 285.00
1503729329, 359, 0, 6, 0, 0, 6.29%, 0, 0, 2, 283.77
1503729334, 359, 3, 6, 0, 0, 6.29%, 0, 0, 2, 275.62
1503729339, 360, 0, 6, 0, 0, 6.29%, 0, 0, 2, 283.01
1503729344, 360, 3, 6, 0, 0, 6.29%, 0, 0, 2, 285.67
1503729349, 361, 1, 6, 0, 0, 6.29%, 0, 0, 2, 274.21
1503729354, 361, 4, 6, 0, 0, 6.29%, 0, 0, 2, 277.14
1503729359, 362, 1, 6, 0, 0, 6.29%, 0, 0, 2, 281.45
1503729364, 362, 4, 6, 0, 0, 6.29%, 0, 0, 2, 283.96
1503729369, 363, 1, 6, 0, 0, 6.29%, 0, 0, 2, 273.16
1503729374, 363, 4, 6, 0, 0, 6.29%, 0, 0, 2, 46.51
1503729380, 364, 1, 6, 0, 0, 6.29%, 0, 0, 2, 284.63
1503729385, 364, 4, 6, 0, 0, 6.29%, 0, 0, 2, 285.36
1503729390, 365, 1, 6, 0, 0, 6.29%, 0, 0, 2, 285.56
1503729395, 365, 5, 6, 0, 0, 6.29%, 0, 0, 2, 282.12
1503729400, 366, 2, 6, 0, 0, 6.29%, 0, 0, 2, 278.17
1503729405, 366, 5, 6, 0, 0, 6.29%, 0, 0, 2, 283.94
1503729410, 367, 2, 6, 0, 0, 6.29%, 0, 0, 2, 278.28
1503729415, 367, 5, 6, 0, 0, 6.29%, 0, 0, 2, 282.92
1503729420, 368, 2, 6, 0, 0, 6.29%, 0, 0, 2, 282.65
1503729425, 369, 0, 6, 0, 0, 6.29%, 0, 0, 2, 278.18
1503729430, 369, 2, 6, 0, 0, 6.29%, 0, 0, 2, 284.28
1503729435, 370, 0, 6, 0, 0, 6.29%, 0, 0, 2, 268.61
1503729440, 370, 2, 6, 0, 0, 6.29%, 0, 0, 2, 278.59
1503729445, 371, 0, 6, 0, 0, 6.29%, 0, 0, 2, 281.88
1503729451, 371, 3, 6, 0, 0, 6.29%, 0, 0, 2, 281.20
1503729456, 372, 0, 6, 0, 0, 6.29%, 0, 0, 2, 281.04
1503729461, 372, 3, 6, 0, 0, 6.29%, 0, 0, 2, 275.65
1503729466, 373, 1, 6, 0, 0, 6.29%, 0, 0, 2, 280.43
1503729471, 373, 3, 6, 0, 0, 6.29%, 0, 0, 2, 282.21
1503729476, 374, 0, 6, 0, 0, 6.29%, 0, 0, 2, 282.40
1503729481, 374, 4, 6, 0, 0, 6.29%, 0, 0, 2, 283.48
1503729486, 375, 1, 6, 0, 0, 6.29%, 0, 0, 2, 281.93
1503729491, 375, 4, 6, 0, 0, 6.29%, 0, 0, 2, 282.26
1503729496, 376, 1, 6, 0, 0, 6.29%, 0, 0, 2, 282.22
1503729501, 376, 4, 6, 0, 0, 6.29%, 0, 0, 2, 276.36
1503729506, 377, 1, 6, 0, 0, 6.29%, 0, 0, 2, 278.97
1503729511, 377, 4, 6, 0, 0, 6.29%, 0, 0, 2, 279.31
1503729516, 378, 1, 6, 0, 0, 6.29%, 0, 0, 2, 284.18
1503729522, 378, 5, 6, 0, 0, 6.29%, 0, 0, 2, 279.48
1503729527, 379, 2, 6, 0, 0, 6.29%, 0, 0, 2, 282.88
1503729532, 379, 5, 6, 0, 0, 6.29%, 0, 0, 2, 281.61
1503729537, 380, 2, 6, 0, 0, 6.29%, 0, 0, 2, 280.17
1503729542, 380, 5, 6, 0, 0, 6.29%, 0, 0, 2, 278.54
1503729547, 381, 2, 6, 0, 0, 6.29%, 0, 0, 2, 282.89
1503729552, 381, 5, 6, 0, 0, 6.29%, 0, 0, 2, 280.89
1503729557, 382, 2, 6, 0, 0, 6.29%, 0, 0, 2, 281.64
1503729562, 383, 0, 6, 0, 0, 6.29%, 0, 0, 2, 276.52
1503729567, 383, 2, 6, 0, 0, 6.29%, 0, 0, 2, 279.47
1503729573, 384, 0, 6, 0, 0, 6.29%, 0, 0, 2, 278.46
1503729578, 384, 3, 6, 0, 0, 6.29%, 0, 0, 2, 281.19
1503729583, 385, 0, 6, 0, 0, 6.29%, 0, 0, 2, 284.56
1503729588, 385, 3, 6, 0, 0, 6.29%, 0, 0, 2, 282.60
1503729593, 386, 0, 6, 0, 0, 6.29%, 0, 0, 2, 276.72
1503729598, 386, 3, 6, 0, 0, 6.29%, 0, 0, 2, 277.42
1503729603, 387, 0, 6, 0, 0, 6.29%, 0, 0, 2, 276.69
1503729608, 387, 3, 6, 0, 0, 6.29%, 0, 0, 2, 280.99
1503729614, 388, 1, 6, 0, 0, 6.29%, 0, 0, 2, 273.22
1503729619, 388, 3, 6, 0, 0, 6.29%, 0, 0, 2, 273.21
1503729624, 389, 1, 6, 0, 0, 6.29%, 0, 0, 2, 282.09
1503729629, 389, 4, 6, 0, 0, 6.29%, 0, 0, 2, 272.54
1503729634, 390, 1, 6, 0, 0, 6.29%, 0, 0, 2, 269.60
1503729639, 390, 4, 6, 0, 0, 6.29%, 0, 0, 2, 270.19
1503729644, 391, 1, 6, 0, 0, 6.29%, 0, 0, 2, 281.72
1503729649, 391, 4, 6, 0, 0, 6.29%, 0, 0, 2, 275.01
1503729655, 392, 1, 6, 0, 0, 6.29%, 0, 0, 2, 282.21
1503729660, 392, 4, 6, 0, 0, 6.29%, 0, 0, 2, 284.64
1503729665, 393, 1, 6, 0, 0, 6.29%, 0, 0, 2, 284.78
1503729670, 393, 5, 6, 0, 0, 6.29%, 0, 0, 2, 275.44
1503729675, 394, 1, 6, 0, 0, 6.29%, 0, 0, 2, 282.75
1503729680, 394, 5, 6, 0, 0, 6.29%, 0, 0, 2, 285.06
1503729685, 395, 2, 6, 0, 0, 6.29%, 0, 0, 2, 283.41
1503729691, 395, 5, 6, 0, 0, 6.29%, 0, 0, 2, 284.97
1503729696, 396, 2, 6, 0, 0, 6.29%, 0, 0, 2, 281.84
1503729701, 396, 5, 6, 0, 0, 6.29%, 0, 0, 2, 285.12
1503729706, 397, 2, 6, 0, 0, 6.29%, 0, 0, 2, 285.57
1503729711, 398, 0, 6, 0, 0, 6.29%, 0, 0, 2, 285.52
1503729716, 398, 3, 6, 0, 0, 6.29%, 0, 0, 2, 285.57
1503729721, 399, 0, 6, 0, 0, 6.29%, 0, 0, 2, 285.57
1503729727, 399, 3, 6, 0, 0, 6.29%, 0, 0, 2, 285.60
1503729732, 400, 0, 6, 0, 0, 6.29%, 0, 0, 2, 279.96
1503729737, 400, 3, 6, 0, 0, 6.29%, 0, 0, 2, 282.86
1503729742, 401, 0, 6, 0, 0, 6.29%, 0, 0, 2, 274.40
1503729747, 401, 3, 6, 0, 0, 6.29%, 0, 0, 2, 273.98
1503729752, 402, 0, 6, 0, 0, 6.29%, 0, 0, 2, 272.87
1503729757, 402, 3, 6, 0, 0, 6.29%, 0, 0, 2, 281.81
1503729762, 403, 0, 6, 0, 0, 6.29%, 0, 0, 2, 274.82
1503729768, 403, 3, 6, 0, 0, 6.29%, 0, 0, 2, 280.76
1503729773, 404, 1, 6, 0, 0, 6.29%, 0, 0, 2, 280.25
1503729778, 404, 3, 6, 0, 0, 6.29%, 0, 0, 2, 280.61
1503729783, 405, 1, 6, 0, 0, 6.29%, 0, 0, 2, 276.97
1503729788, 405, 3, 6, 0, 0, 6.29%, 0, 0, 2, 280.06
1503729793, 406, 1, 6, 0, 0, 6.29%, 0, 0, 2, 275.46
1503729798, 406, 4, 6, 0, 0, 6.29%, 0, 0, 2, 274.51
1503729803, 407, 1, 6, 0, 0, 6.29%, 0, 0, 2, 275.91
1503729808, 407, 4, 6, 0, 0, 6.29%, 0, 0, 2, 280.17
1503729813, 408, 1, 6, 0, 0, 6.29%, 0, 0, 2, 280.54
1503729818, 408, 4, 6, 0, 0, 6.29%, 0, 0, 2, 277.35
1503729823, 409, 1, 6, 0, 0, 6.29%, 0, 0, 2, 280.45
1503729828, 409, 4, 6, 0, 0, 6.29%, 0, 0, 2, 277.92
1503729833, 410, 2, 6, 0, 0, 6.29%, 0, 0, 2, 277.64
1503729838, 410, 4, 6, 0, 0, 6.29%, 0, 0, 2, 278.41
1503729844, 411, 2, 6, 0, 0, 6.29%, 0, 0, 2, 272.05
1503729849, 411, 5, 6, 0, 0, 6.29%, 0, 0, 2, 270.96
1503729854, 412, 2, 6, 0, 0, 6.29%, 0, 0, 2, 280.20
1503729859, 412, 5, 6, 0, 0, 6.29%, 0, 0, 2, 273.60
1503729864, 413, 2, 6, 0, 0, 6.29%, 0, 0, 2, 286.74
1503729869, 414, 0, 6, 0, 0, 6.29%, 0, 0, 2, 275.99
1503729874, 414, 3, 6, 0, 0, 6.29%, 0, 0, 2, 285.23
1503729880, 415, 0, 6, 0, 0, 6.29%, 0, 0, 2, 284.44
1503729885, 415, 3, 6, 0, 0, 6.29%, 0, 0, 2, 277.47
1503729890, 416, 1, 6, 0, 0, 6.29%, 0, 0, 2, 286.84
1503729895, 416, 4, 6, 0, 0, 6.29%, 0, 0, 2, 283.60
1503729900, 417, 1, 6, 0, 0, 6.29%, 0, 0, 2, 283.26
1503729905, 417, 4, 6, 0, 0, 6.29%, 0, 0, 2, 287.01
1503729910, 418, 1, 6, 0, 0, 6.29%, 0, 0, 2, 279.61
1503729915, 418, 4, 6, 0, 0, 6.29%, 0, 0, 2, 286.96
1503729920, 419, 1, 6, 0, 0, 6.29%, 0, 0, 2, 277.91
1503729926, 419, 4, 6, 0, 0, 6.29%, 0, 0, 2, 275.91
1503729931, 420, 1, 6, 0, 0, 6.29%, 0, 0, 2, 280.13
1503729936, 420, 4, 6, 0, 0, 6.29%, 0, 0, 2, 285.09
1503729941, 421, 1, 6, 0, 0, 6.29%, 0, 0, 2, 285.20
1503729946, 421, 4, 6, 0, 0, 6.29%, 0, 0, 2, 279.85
1503729951, 422, 1, 6, 0, 0, 6.29%, 0, 0, 2, 277.38
1503729956, 422, 4, 6, 0, 0, 6.29%, 0, 0, 2, 280.57
1503729961, 423, 1, 6, 0, 0, 6.29%, 0, 0, 2, 279.74
1503729966, 423, 4, 6, 0, 0, 6.29%, 0, 0, 2, 280.32
1503729972, 424, 1, 6, 0, 0, 6.29%, 0, 0, 2, 274.36
1503729977, 424, 4, 6, 0, 0, 6.29%, 0, 0, 2, 275.16
1503729982, 425, 1, 6, 0, 0, 6.29%, 0, 0, 2, 277.09
1503729987, 425, 4, 6, 0, 0, 6.29%, 0, 0, 2, 275.39
1503729992, 426, 2, 6, 0, 0, 6.29%, 0, 0, 2, 279.38
1503729997, 426, 4, 6, 0, 0, 6.29%, 0, 0, 2, 271.14
1503730002, 427, 1, 6, 0, 0, 6.29%, 0, 0, 2, 268.96
1503730007, 427, 5, 6, 0, 0, 6.29%, 0, 0, 2, 281.04
1503730012, 428, 2, 6, 0, 0, 6.29%, 0, 0, 2, 278.24
1503730017, 428, 5, 6, 0, 0, 6.29%, 0, 0, 2, 263.78
1503730022, 429, 2, 6, 0, 0, 6.29%, 0, 0, 2, 268.17
1503730028, 429, 5, 6, 0, 0, 6.29%, 0, 0, 2, 274.37
1503730033, 430, 2, 6, 0, 0, 6.29%, 0, 0, 2, 281.72
1503730038, 431, 0, 6, 0, 0, 6.29%, 0, 0, 2, 278.77
1503730043, 431, 2, 6, 0, 0, 6.29%, 0, 0, 2, 270.66
1503730048, 432, 0, 6, 0, 0, 6.29%, 0, 0, 2, 277.56
1503730053, 432, 3, 6, 0, 0, 6.29%, 0, 0, 2, 277.56
1503730058, 433, 0, 6, 0, 0, 6.29%, 0, 0, 2, 282.61
1503730063, 433, 3, 6, 0, 0, 6.29%, 0, 0, 2, 278.01
1503730068, 434, 0, 6, 0, 0, 6.29%, 0, 0, 2, 279.32
1503730073, 434, 3, 6, 0, 0, 6.29%, 0, 0, 2, 277.19
1503730078, 435, 1, 6, 0, 0, 6.29%, 0, 0, 2, 280.22
1503730083, 435, 3, 6, 0, 0, 6.29%, 0, 0, 2, 283.15
1503730088, 436, 1, 6, 0, 0, 6.29%, 0, 0, 2, 283.27
1503730093, 436, 4, 6, 0, 0, 6.29%, 0, 0, 2, 278.59
1503730098, 437, 1, 6, 0, 0, 6.29%, 0, 0, 2, 280.21
1503730103, 437, 4, 6, 0, 0, 6.29%, 0, 0, 2, 278.08
1503730109, 438, 1, 6, 0, 0, 6.29%, 0, 0, 2, 270.89
1503730114, 438, 4, 6, 0, 0, 6.29%, 0, 0, 2, 277.97
1503730119, 439, 1, 6, 0, 0, 6.29%, 0, 0, 2, 272.77
1503730124, 439, 4, 6, 0, 0, 6.29%, 0, 0, 2, 272.12
1503730129, 440, 1, 6, 0, 0, 6.29%, 0, 0, 2, 275.87
1503730134, 440, 4, 6, 0, 0, 6.29%, 0, 0, 2, 278.91
1503730139, 441, 1, 6, 0, 0, 6.29%, 0, 0, 2, 281.22
1503730144, 441, 4, 6, 0, 0, 6.29%, 0, 0, 2, 279.23
1503730149, 442, 1, 6, 0, 0, 6.29%, 0, 0, 2, 280.93
1503730154, 442, 4, 6, 0, 0, 6.29%, 0, 0, 2, 271.46
1503730160, 443, 1, 6, 0, 0, 6.29%, 0, 0, 2, 267.14
1503730165, 443, 4, 6, 0, 0, 6.29%, 0, 0, 2, 269.23
1503730170, 444, 1, 6, 0, 0, 6.29%, 0, 0, 2, 270.39
1503730175, 444, 3, 6, 0, 0, 6.29%, 0, 0, 2, 271.23
1503730180, 445, 1, 6, 0, 0, 6.29%, 0, 0, 2, 284.96
1503730185, 445, 4, 6, 0, 0, 6.29%, 0, 0, 2, 274.81
1503730190, 446, 1, 6, 0, 0, 6.29%, 0, 0, 2, 282.34
1503730196, 446, 5, 6, 0, 0, 6.29%, 0, 0, 2, 280.72
1503730201, 447, 2, 6, 0, 0, 6.29%, 0, 0, 2, 272.73
1503730206, 447, 4, 6, 0, 0, 6.29%, 0, 0, 2, 268.65
1503730211, 448, 1, 6, 0, 0, 6.29%, 0, 0, 2, 266.49
1503730216, 448, 5, 6, 0, 0, 6.29%, 0, 0, 2, 275.88
1503730221, 449, 2, 6, 0, 0, 6.29%, 0, 0, 2, 276.86
1503730226, 449, 5, 6, 0, 0, 6.29%, 0, 0, 2, 279.70
1503730231, 450, 2, 6, 0, 0, 6.29%, 0, 0, 2, 279.46
1503730236, 450, 4, 6, 0, 0, 6.29%, 0, 0, 2, 280.37
1503730241, 451, 1, 6, 0, 0, 6.29%, 0, 0, 2, 277.59
1503730246, 451, 5, 6, 0, 0, 6.29%, 0, 0, 2, 270.49
1503730251, 452, 2, 6, 0, 0, 6.29%, 0, 0, 2, 272.02
1503730257, 453, 0, 6, 0, 0, 6.29%, 0, 0, 2, 280.49
1503730262, 453, 3, 6, 0, 0, 6.29%, 0, 0, 2, 283.35
1503730267, 454, 0, 6, 0, 0, 6.29%, 0, 0, 2, 285.07
1503730272, 454, 3, 6, 0, 0, 6.29%, 0, 0, 2, 280.61
1503730277, 455, 0, 6, 0, 0, 6.29%, 0, 0, 2, 282.38
1503730282, 455, 3, 6, 0, 0, 6.29%, 0, 0, 2, 281.75
1503730287, 456, 1, 6, 0, 0, 6.29%, 0, 0, 2, 281.03
1503730293, 456, 4, 6, 0, 0, 6.29%, 0, 0, 2, 277.79
1503730298, 457, 1, 6, 0, 0, 6.29%, 0, 0, 2, 281.61
1503730303, 457, 4, 6, 0, 0, 6.29%, 0, 0, 2, 279.45
1503730308, 458, 1, 6, 0, 0, 6.29%, 0, 0, 2, 276.47
1503730313, 458, 5, 6, 0, 0, 6.29%, 0, 0, 2, 282.80
1503730318, 459, 2, 6, 0, 0, 6.29%, 0, 0, 2, 283.34
1503730323, 459, 5, 6, 0, 0, 6.29%, 0, 0, 2, 283.62
1503730328, 460, 2, 6, 0, 0, 6.29%, 0, 0, 2, 284.51
1503730334, 461, 0, 6, 0, 0, 6.29%, 0, 0, 2, 281.75
1503730339, 461, 3, 6, 0, 0, 6.29%, 0, 0, 2, 280.37
1503730344, 462, 0, 6, 0, 0, 6.29%, 0, 0, 2, 284.38
1503730349, 462, 2, 6, 0, 0, 6.29%, 0, 0, 2, 285.29
1503730354, 463, 0, 6, 0, 0, 6.29%, 0, 0, 2, 282.21
1503730359, 463, 3, 6, 0, 0, 6.29%, 0, 0, 2, 282.77
1503730364, 464, 0, 6, 0, 0, 6.29%, 0, 0, 2, 273.99
1503730369, 464, 2, 6, 0, 0, 6.29%, 0, 0, 2, 271.22
1503730374, 465, 0, 6, 0, 0, 6.29%, 0, 0, 2, 268.00
1503730379, 465, 3, 6, 0, 0, 6.29%, 0, 0, 2, 276.07
1503730385, 466, 1, 6, 0, 0, 6.29%, 0, 0, 2, 277.09
1503730390, 466, 3, 6, 0, 0, 6.29%, 0, 0, 2, 277.31
1503730395, 467, 0, 6, 0, 0, 6.29%, 0, 0, 2, 278.63
1503730400, 467, 3, 6, 0, 0, 6.29%, 0, 0, 2, 268.23
1503730405, 468, 0, 6, 0, 0, 6.29%, 0, 0, 2, 265.37
1503730410, 468, 3, 6, 0, 0, 6.29%, 0, 0, 2, 278.65
1503730415, 469, 0, 6, 0, 0, 6.29%, 0, 0, 2, 271.72
1503730420, 469, 3, 6, 0, 0, 6.29%, 0, 0, 2, 273.58
1503730425, 470, 0, 6, 0, 0, 6.29%, 0, 0, 2, 271.87
1503730430, 470, 3, 6, 0, 0, 6.29%, 0, 0, 2, 272.51
1503730435, 471, 0, 6, 0, 0, 6.29%, 0, 0, 2, 273.39
1503730440, 471, 3, 6, 0, 0, 6.29%, 0, 0, 2, 268.98
1503730446, 472, 1, 6, 0, 0, 6.29%, 0, 0, 2, 278.67
1503730451, 472, 3, 6, 0, 0, 6.29%, 0, 0, 2, 273.00
1503730456, 473, 0, 6, 0, 0, 6.29%, 0, 0, 2, 282.61
1503730461, 473, 3, 6, 0, 0, 6.29%, 0, 0, 2, 276.98
1503730466, 474, 0, 6, 0, 0, 6.29%, 0, 0, 2, 281.86
1503730471, 474, 3, 6, 0, 0, 6.29%, 0, 0, 2, 280.93
1503730476, 475, 0, 6, 0, 0, 6.29%, 0, 0, 2, 279.61
1503730481, 475, 3, 6, 0, 0, 6.29%, 0, 0, 2, 281.77
1503730486, 476, 0, 6, 0, 0, 6.29%, 0, 0, 2, 277.84
1503730491, 476, 3, 6, 0, 0, 6.29%, 0, 0, 2, 281.39
1503730497, 477, 1, 6, 0, 0, 6.29%, 0, 0, 2, 283.13
1503730502, 477, 3, 6, 0, 0, 6.29%, 0, 0, 2, 279.98
1503730507, 478, 1, 6, 0, 0, 6.29%, 0, 0, 2, 285.46
1503730512, 478, 4, 6, 0, 0, 6.29%, 0, 0, 2, 277.97
1503730517, 479, 1, 6, 0, 0, 6.29%, 0, 0, 2, 276.58
1503730522, 479, 4, 6, 0, 0, 6.29%, 0, 0, 2, 283.55
1503730527, 480, 1, 6, 0, 0, 6.29%, 0, 0, 2, 283.73
1503730532, 480, 4, 6, 0, 0, 6.29%, 0, 0, 2, 275.48
1503730537, 481, 1, 6, 0, 0, 6.29%, 0, 0, 2, 282.43
1503730542, 481, 4, 6, 0, 0, 6.29%, 0, 0, 2, 273.02
1503730548, 482, 1, 6, 0, 0, 6.29%, 0, 0, 2, 269.10
1503730553, 482, 4, 6, 0, 0, 6.29%, 0, 0, 2, 275.28
1503730558, 483, 1, 6, 0, 0, 6.29%, 0, 0, 2, 275.59
1503730563, 483, 4, 6, 0, 0, 6.29%, 0, 0, 2, 273.14
1503730568, 484, 1, 6, 0, 0, 6.29%, 0, 0, 2, 281.46
1503730573, 484, 4, 6, 0, 0, 6.29%, 0, 0, 2, 276.99
1503730578, 485, 1, 6, 0, 0, 6.29%, 0, 0, 2, 280.99
1503730583, 485, 4, 6, 0, 0, 6.29%, 0, 0, 2, 284.53
1503730588, 486, 1, 6, 0, 0, 6.29%, 0, 0, 2, 276.70
1503730593, 486, 4, 6, 0, 0, 6.29%, 0, 0, 2, 283.99
1503730599, 487, 2, 6, 0, 0, 6.29%, 0, 0, 2, 284.07
1503730604, 487, 5, 6, 0, 0, 6.29%, 0, 0, 2, 277.29
1503730609, 488, 2, 6, 0, 0, 6.29%, 0, 0, 2, 275.64
1503730614, 489, 0, 6, 0, 0, 6.29%, 0, 0, 2, 283.26
1503730619, 489, 3, 6, 0, 0, 6.29%, 0, 0, 2, 285.22
1503730624, 490, 0, 6, 0, 0, 6.29%, 0, 0, 2, 283.04
1503730629, 490, 2, 6, 0, 0, 6.29%, 0, 0, 2, 280.87
1503730634, 491, 0, 6, 0, 0, 6.29%, 0, 0, 2, 280.73
1503730639, 491, 3, 6, 0, 0, 6.29%, 0, 0, 2, 277.25
1503730644, 492, 0, 6, 0, 0, 6.29%, 0, 0, 2, 285.51
1503730649, 492, 3, 6, 0, 0, 6.29%, 0, 0, 2, 285.11
1503730655, 493, 1, 6, 0, 0, 6.29%, 0, 0, 2, 278.99
1503730660, 493, 3, 6, 0, 0, 6.29%, 0, 0, 2, 277.88
1503730665, 494, 1, 6, 0, 0, 6.29%, 0, 0, 2, 284.06
1503730670, 494, 4, 6, 0, 0, 6.29%, 0, 0, 2, 282.19
1503730675, 495, 1, 6, 0, 0, 6.29%, 0, 0, 2, 281.24
1503730680, 495, 4, 6, 0, 0, 6.29%, 0, 0, 2, 285.15
1503730685, 496, 1, 6, 0, 0, 6.29%, 0, 0, 2, 282.29
1503730690, 496, 4, 6, 0, 0, 6.29%, 0, 0, 2, 48.78
1503730695, 497, 1, 6, 0, 0, 6.29%, 0, 0, 2, 272.17
1503730701, 497, 4, 6, 0, 0, 6.29%, 0, 0, 2, 282.28
1503730706, 498, 1, 6, 0, 0, 6.29%, 0, 0, 2, 272.77
1503730711, 498, 4, 6, 0, 0, 6.29%, 0, 0, 2, 271.45
1503730716, 499, 1, 6, 0, 0, 6.29%, 0, 0, 2, 285.13
1503730721, 499, 4, 6, 0, 0, 6.29%, 0, 0, 2, 274.57
1503730726, 500, 1, 6, 0, 0, 6.29%, 0, 0, 2, 277.30
1503730731, 500, 4, 6, 0, 0, 6.29%, 0, 0, 2, 271.13
1503730736, 501, 1, 6, 0, 0, 6.29%, 0, 0, 2, 275.98
1503730741, 501, 4, 6, 0, 0, 6.29%, 0, 0, 2, 274.17
1503730747, 502, 1, 6, 0, 0, 6.29%, 0, 0, 2, 271.63
1503730752, 502, 4, 6, 0, 0, 6.29%, 0, 0, 2, 281.30
1503730757, 503, 1, 6, 0, 0, 6.29%, 0, 0, 2, 284.48
1503730762, 503, 4, 6, 0, 0, 6.29%, 0, 0, 2, 275.60
1503730767, 504, 1, 6, 0, 0, 6.29%, 0, 0, 2, 283.02
1503730772, 504, 5, 6, 0, 0, 6.29%, 0, 0, 2, 284.99
1503730777, 505, 2, 6, 0, 0, 6.29%, 0, 0, 2, 285.37
1503730782, 506, 0, 6, 0, 0, 6.29%, 0, 0, 2, 275.41
1503730788, 506, 2, 6, 0, 0, 6.29%, 0, 0, 2, 281.48
1503730793, 507, 0, 6, 0, 0, 6.29%, 0, 0, 2, 281.38
1503730798, 507, 3, 6, 0, 0, 6.29%, 0, 0, 2, 281.14
1503730803, 508, 0, 6, 0, 0, 6.29%, 0, 0, 2, 284.81
1503730808, 508, 4, 6, 0, 0, 6.29%, 0, 0, 2, 285.24
1503730813, 509, 1, 6, 0, 0, 6.29%, 0, 0, 2, 279.40
1503730818, 509, 4, 6, 0, 0, 6.29%, 0, 0, 2, 274.19
1503730823, 510, 1, 6, 0, 0, 6.29%, 0, 0, 2, 281.33
1503730829, 510, 4, 6, 0, 0, 6.29%, 0, 0, 2, 283.89
1503730834, 511, 2, 6, 0, 0, 6.29%, 0, 0, 2, 277.29
1503730839, 511, 5, 6, 0, 0, 6.29%, 0, 0, 2, 275.91
1503730844, 512, 2, 6, 0, 0, 6.29%, 0, 0, 2, 277.88
1503730849, 512, 4, 6, 0, 0, 6.29%, 0, 0, 2, 265.94
1503730854, 513, 1, 6, 0, 0, 6.29%, 0, 0, 2, 277.09
1503730859, 513, 4, 6, 0, 0, 6.29%, 0, 0, 2, 282.87
1503730864, 514, 1, 6, 0, 0, 6.29%, 0, 0, 2, 278.51
1503730869, 514, 4, 6, 0, 0, 6.29%, 0, 0, 2, 279.20
1503730874, 515, 1, 6, 0, 0, 6.29%, 0, 0, 2, 277.80
1503730879, 515, 4, 6, 0, 0, 6.29%, 0, 0, 2, 282.10
1503730884, 516, 1, 6, 0, 0, 6.29%, 0, 0, 2, 280.58
1503730889, 516, 5, 6, 0, 0, 6.29%, 0, 0, 2, 276.21
1503730894, 517, 2, 6, 0, 0, 6.29%, 0, 0, 2, 276.61
1503730899, 517, 5, 6, 0, 0, 6.29%, 0, 0, 2, 277.39
1503730905, 518, 3, 6, 0, 0, 6.29%, 0, 0, 2, 285.32
1503730910, 519, 0, 6, 0, 0, 6.29%, 0, 0, 2, 272.08
1503730915, 519, 2, 6, 0, 0, 6.29%, 0, 0, 2, 274.26
1503730920, 520, 0, 6, 0, 0, 6.29%, 0, 0, 2, 282.58
1503730925, 520, 2, 6, 0, 0, 6.29%, 0, 0, 2, 271.96
1503730930, 520, 5, 6, 0, 0, 6.29%, 0, 0, 2, 278.47
1503730935, 521, 2, 6, 0, 0, 6.29%, 0, 0, 2, 277.74
1503730940, 522, 0, 6, 0, 0, 6.29%, 0, 0, 2, 278.47
1503730945, 522, 2, 6, 0, 0, 6.29%, 0, 0, 2, 276.52
1503730950, 523, 0, 6, 0, 0, 6.29%, 0, 0, 2, 281.82
1503730955, 523, 3, 6, 0, 0, 6.29%, 0, 0, 2, 277.58
1503730961, 524, 1, 6, 0, 0, 6.29%, 0, 0, 2, 285.02
1503730966, 524, 4, 6, 0, 0, 6.29%, 0, 0, 2, 284.87
1503730971, 525, 1, 6, 0, 0, 6.29%, 0, 0, 2, 279.10
1503730976, 525, 4, 6, 0, 0, 6.29%, 0, 0, 2, 278.20
1503730981, 526, 1, 6, 0, 0, 6.29%, 0, 0, 2, 274.37
1503730986, 526, 4, 6, 0, 0, 6.29%, 0, 0, 2, 274.10
1503730991, 527, 1, 6, 0, 0, 6.29%, 0, 0, 2, 283.01
1503730996, 527, 5, 6, 0, 0, 6.29%, 0, 0, 2, 48.08
1503731002, 528, 2, 6, 0, 0, 6.29%, 0, 0, 2, 281.81
1503731007, 529, 0, 6, 0, 0, 6.29%, 0, 0, 2, 272.44
1503731012, 529, 3, 6, 0, 0, 6.29%, 0, 0, 2, 280.23
1503731017, 530, 0, 6, 0, 0, 6.29%, 0, 0, 2, 274.68
1503731022, 530, 2, 6, 0, 0, 6.29%, 0, 0, 2, 271.21
1503731027, 531, 0, 6, 0, 0, 6.29%, 0, 0, 2, 284.96
1503731032, 531, 2, 6, 0, 0, 6.29%, 0, 0, 2, 274.66
1503731037, 532, 0, 6, 0, 0, 6.29%, 0, 0, 2, 281.91
1503731042, 532, 3, 6, 0, 0, 6.29%, 0, 0, 2, 277.35
1503731047, 533, 0, 6, 0, 0, 6.29%, 0, 0, 2, 282.91
1503731053, 533, 3, 6, 0, 0, 6.29%, 0, 0, 2, 287.13
1503731058, 534, 0, 6, 0, 0, 6.29%, 0, 0, 2, 285.09
1503731063, 534, 3, 6, 0, 0, 6.29%, 0, 0, 2, 284.53
1503731068, 535, 1, 6, 0, 0, 6.29%, 0, 0, 2, 284.33
1503731073, 535, 4, 6, 0, 0, 6.29%, 0, 0, 2, 284.10
1503731078, 536, 1, 6, 0, 0, 6.29%, 0, 0, 2, 280.66
1503731083, 536, 4, 6, 0, 0, 6.29%, 0, 0, 2, 282.19
1503731088, 537, 1, 6, 0, 0, 6.29%, 0, 0, 2, 283.21
1503731093, 537, 4, 6, 0, 0, 6.29%, 0, 0, 2, 277.52
1503731098, 538, 1, 6, 0, 0, 6.29%, 0, 0, 2, 279.80
1503731104, 538, 4, 6, 0, 0, 6.29%, 0, 0, 2, 278.70
1503731109, 539, 1, 6, 0, 0, 6.29%, 0, 0, 2, 278.22
1503731114, 539, 4, 6, 0, 0, 6.29%, 0, 0, 2, 282.50
1503731119, 540, 1, 6, 0, 0, 6.29%, 0, 0, 2, 282.79
1503731124, 540, 5, 6, 0, 0, 6.29%, 0, 0, 2, 283.59
1503731129, 541, 2, 6, 0, 0, 6.29%, 0, 0, 2, 283.43
1503731134, 542, 0, 6, 0, 0, 6.29%, 0, 0, 2, 281.20
1503731139, 542, 3, 6, 0, 0, 6.29%, 0, 0, 2, 278.81
1503731144, 543, 0, 6, 0, 0, 6.29%, 0, 0, 2, 277.32
1503731149, 543, 3, 6, 0, 0, 6.29%, 0, 0, 2, 279.68
1503731154, 544, 0, 6, 0, 0, 6.29%, 0, 0, 2, 282.04
1503731159, 544, 3, 6, 0, 0, 6.29%, 0, 0, 2, 282.63
1503731164, 545, 0, 6, 0, 0, 6.29%, 0, 0, 2, 278.28
1503731169, 545, 3, 6, 0, 0, 6.29%, 0, 0, 2, 281.80
1503731175, 546, 1, 6, 0, 0, 6.29%, 0, 0, 2, 277.85
1503731180, 546, 3, 6, 0, 0, 6.29%, 0, 0, 2, 282.91
1503731185, 547, 1, 6, 0, 0, 6.29%, 0, 0, 2, 282.26
1503731190, 547, 3, 6, 0, 0, 6.29%, 0, 0, 2, 276.60
1503731195, 548, 1, 6, 0, 0, 6.29%, 0, 0, 2, 281.88
1503731200, 548, 4, 6, 0, 0, 6.29%, 0, 0, 2, 282.89
1503731205, 549, 1, 6, 0, 0, 6.29%, 0, 0, 2, 282.82
1503731210, 549, 3, 6, 0, 0, 6.29%, 0, 0, 2, 277.16
1503731215, 550, 1, 6, 0, 0, 6.29%, 0, 0, 2, 281.69
1503731220, 550, 4, 6, 0, 0, 6.29%, 0, 0, 2, 282.83
1503731225, 551, 1, 6, 0, 0, 6.29%, 0, 0, 2, 278.56
1503731231, 551, 4, 6, 0, 0, 6.29%, 0, 0, 2, 284.53
1503731236, 552, 2, 6, 0, 0, 6.29%, 0, 0, 2, 285.31
1503731241, 553, 0, 6, 0, 0, 6.29%, 0, 0, 2, 281.03
1503731246, 553, 2, 6, 0, 0, 6.29%, 0, 0, 2, 282.69
1503731251, 554, 0, 6, 0, 0, 6.29%, 0, 0, 2, 277.25
1503731256, 554, 2, 6, 0, 0, 6.29%, 0, 0, 2, 286.83
1503731261, 555, 0, 6, 0, 0, 6.29%, 0, 0, 2, 285.92
1503731266, 555, 3, 6, 0, 0, 6.29%, 0, 0, 2, 283.49
1503731271, 556, 1, 6, 0, 0, 6.29%, 0, 0, 2, 285.93
1503731276, 556, 3, 6, 0, 0, 6.29%, 0, 0, 2, 285.63
1503731281, 557, 1, 6, 0, 0, 6.29%, 0, 0, 2, 284.78
1503731287, 557, 4, 6, 0, 0, 6.29%, 0, 0, 2, 284.88
1503731292, 558, 1, 6, 0, 0, 6.29%, 0, 0, 2, 283.53
1503731297, 558, 3, 6, 0, 0, 6.29%, 0, 0, 2, 283.47
1503731302, 559, 1, 6, 0, 0, 6.29%, 0, 0, 2, 282.93
1503731307, 559, 3, 6, 0, 0, 6.29%, 0, 0, 2, 284.84
1503731312, 560, 0, 6, 0, 0, 6.29%, 0, 0, 2, 285.84
1503731317, 560, 3, 6, 0, 0, 6.29%, 0, 0, 2, 283.98
1503731322, 561, 1, 6, 0, 0, 6.29%, 0, 0, 2, 282.86
1503731327, 561, 4, 6, 0, 0, 6.29%, 0, 0, 2, 282.87
1503731333, 562, 1, 6, 0, 0, 6.29%, 0, 0, 2, 284.10
1503731338, 562, 5, 6, 0, 0, 6.29%, 0, 0, 2, 286.81
1503731343, 563, 2, 6, 0, 0, 6.29%, 0, 0, 2, 287.38
1503731348, 564, 0, 6, 0, 0, 6.29%, 0, 0, 2, 287.35
1503731353, 564, 2, 6, 0, 0, 6.29%, 0, 0, 2, 273.18
1503731358, 565, 0, 6, 0, 0, 6.29%, 0, 0, 2, 279.45
1503731363, 565, 3, 6, 0, 0, 6.29%, 0, 0, 2, 278.27
1503731368, 566, 0, 6, 0, 0, 6.29%, 0, 0, 2, 284.68
1503731373, 566, 3, 6, 0, 0, 6.29%, 0, 0, 2, 281.86
1503731379, 567, 0, 6, 0, 0, 6.29%, 0, 0, 2, 275.96
1503731384, 567, 3, 6, 0, 0, 6.29%, 0, 0, 2, 283.68
1503731389, 568, 0, 6, 0, 0, 6.29%, 0, 0, 2, 281.33
1503731394, 568, 3, 6, 0, 0, 6.29%, 0, 0, 2, 284.01
1503731399, 569, 1, 6, 0, 0, 6.29%, 0, 0, 2, 285.38
1503731404, 569, 4, 6, 0, 0, 6.29%, 0, 0, 2, 283.16
1503731409, 570, 1, 6, 0, 0, 6.29%, 0, 0, 2, 283.14
1503731414, 570, 4, 6, 0, 0, 6.29%, 0, 0, 2, 271.60
1503731419, 571, 1, 6, 0, 0, 6.29%, 0, 0, 2, 277.81
1503731424, 571, 4, 6, 0, 0, 6.29%, 0, 0, 2, 270.36
1503731430, 572, 1, 6, 0, 0, 6.29%, 0, 0, 2, 271.75
1503731435, 572, 5, 6, 0, 0, 6.29%, 0, 0, 2, 277.90
1503731440, 573, 2, 6, 0, 0, 6.29%, 0, 0, 2, 280.16
1503731445, 573, 5, 6, 0, 0, 6.29%, 0, 0, 2, 279.24
1503731450, 574, 2, 6, 0, 0, 6.29%, 0, 0, 2, 278.99
1503731455, 575, 0, 6, 0, 0, 6.29%, 0, 0, 2, 279.03
1503731460, 575, 3, 6, 0, 0, 6.29%, 0, 0, 2, 282.06
1503731465, 576, 0, 6, 0, 0, 6.29%, 0, 0, 2, 279.30
1503731471, 576, 3, 6, 0, 0, 6.29%, 0, 0, 2, 278.97
1503731476, 577, 0, 6, 0, 0, 6.29%, 0, 0, 2, 277.03
1503731481, 577, 3, 6, 0, 0, 6.29%, 0, 0, 2, 281.20
1503731486, 578, 0, 6, 0, 0, 6.29%, 0, 0, 2, 281.43
1503731491, 578, 3, 6, 0, 0, 6.29%, 0, 0, 2, 278.70
1503731496, 579, 1, 6, 0, 0, 6.29%, 0, 0, 2, 276.18
1503731501, 579, 3, 6, 0, 0, 6.29%, 0, 0, 2, 280.53
1503731506, 580, 1, 6, 0, 0, 6.29%, 0, 0, 2, 277.14
1503731512, 580, 3, 6, 0, 0, 6.29%, 0, 0, 2, 276.55
1503731517, 581, 1, 6, 0, 0, 6.29%, 0, 0, 2, 281.85
1503731522, 581, 4, 6, 0, 0, 6.29%, 0, 0, 2, 276.74
1503731527, 582, 1, 6, 0, 0, 6.29%, 0, 0, 2, 271.56
1503731532, 582, 4, 6, 0, 0, 6.29%, 0, 0, 2, 281.56
1503731537, 583, 2, 6, 0, 0, 6.29%, 0, 0, 2, 277.15
1503731542, 583, 4, 6, 0, 0, 6.29%, 0, 0, 2, 272.76
1503731547, 584, 2, 6, 0, 0, 6.29%, 0, 0, 2, 279.64
1503731552, 584, 5, 6, 0, 0, 6.29%, 0, 0, 2, 283.65
1503731557, 585, 2, 6, 0, 0, 6.29%, 0, 0, 2, 282.36
1503731562, 586, 0, 6, 0, 0, 6.29%, 0, 0, 2, 284.02
1503731568, 586, 2, 6, 0, 0, 6.29%, 0, 0, 2, 282.43
1503731573, 587, 0, 6, 0, 0, 6.29%, 0, 0, 2, 282.42
1503731578, 587, 2, 6, 0, 0, 6.29%, 0, 0, 2, 280.32
1503731583, 588, 0, 6, 0, 0, 6.29%, 0, 0, 2, 282.97
1503731588, 588, 2, 6, 0, 0, 6.29%, 0, 0, 2, 280.20
1503731593, 589, 0, 6, 0, 0, 6.29%, 0, 0, 2, 279.25
1503731598, 589, 2, 6, 0, 0, 6.29%, 0, 0, 2, 281.93
1503731603, 590, 0, 6, 0, 0, 6.29%, 0, 0, 2, 285.34
1503731608, 590, 2, 6, 0, 0, 6.29%, 0, 0, 2, 282.98
1503731613, 591, 0, 6, 0, 0, 6.29%, 0, 0, 2, 281.02
1503731618, 591, 3, 6, 0, 0, 6.29%, 0, 0, 2, 282.32
1503731624, 592, 0, 6, 0, 0, 6.29%, 0, 0, 2, 272.73
1503731629, 592, 3, 6, 0, 0, 6.29%, 0, 0, 2, 280.80
1503731634, 593, 1, 6, 0, 0, 6.29%, 0, 0, 2, 273.75
1503731639, 593, 3, 6, 0, 0, 6.29%, 0, 0, 2, 279.79
1503731644, 594, 1, 6, 0, 0, 6.29%, 0, 0, 2, 279.69
1503731649, 594, 4, 6, 0, 0, 6.29%, 0, 0, 2, 283.09
1503731654, 595, 1, 6, 0, 0, 6.29%, 0, 0, 2, 272.80
1503731659, 595, 4, 6, 0, 0, 6.29%, 0, 0, 2, 282.39
1503731664, 596, 1, 6, 0, 0, 6.29%, 0, 0, 2, 282.56
1503731669, 596, 4, 6, 0, 0, 6.29%, 0, 0, 2, 283.02
1503731674, 597, 1, 6, 0, 0, 6.29%, 0, 0, 2, 277.02
1503731679, 597, 4, 6, 0, 0, 6.29%, 0, 0, 2, 282.11
1503731685, 598, 1, 6, 0, 0, 6.29%, 0, 0, 2, 285.17
1503731690, 598, 5, 6, 0, 0, 6.29%, 0, 0, 2, 282.54
1503731695, 599, 2, 6, 0, 0, 6.29%, 0, 0, 2, 284.56
1503731700, 600, 0, 6, 0, 0, 6.29%, 0, 0, 2, 274.94
1503731705, 600, 3, 6, 0, 0, 6.29%, 0, 0, 2, 278.08
1503731710, 601, 1, 6, 0, 0, 6.29%, 0, 0, 2, 276.19
1503731715, 601, 3, 6, 0, 0, 6.29%, 0, 0, 2, 268.31
1503731720, 602, 1, 6, 0, 0, 6.29%, 0, 0, 2, 279.98
1503731726, 602, 3, 6, 0, 0, 6.29%, 0, 0, 2, 282.01
1503731731, 603, 1, 6, 0, 0, 6.29%, 0, 0, 2, 281.21
1503731736, 603, 4, 6, 0, 0, 6.29%, 0, 0, 2, 283.87
1503731741, 604, 1, 6, 0, 0, 6.29%, 0, 0, 2, 282.92
1503731746, 604, 4, 6, 0, 0, 6.29%, 0, 0, 2, 281.08
1503731751, 605, 1, 6, 0, 0, 6.29%, 0, 0, 2, 283.83
1503731756, 605, 4, 6, 0, 0, 6.29%, 0, 0, 2, 283.85
1503731761, 606, 1, 6, 0, 0, 6.29%, 0, 0, 2, 284.19
1503731766, 606, 4, 6, 0, 0, 6.29%, 0, 0, 2, 284.13
1503731771, 607, 1, 6, 0, 0, 6.29%, 0, 0, 2, 283.13
1503731776, 607, 4, 6, 0, 0, 6.29%, 0, 0, 2, 282.80
1503731781, 608, 2, 6, 0, 0, 6.29%, 0, 0, 2, 283.10
1503731787, 608, 5, 6, 0, 0, 6.29%, 0, 0, 2, 283.34
1503731792, 609, 2, 6, 0, 0, 6.29%, 0, 0, 2, 283.68
1503731797, 610, 0, 6, 0, 0, 6.29%, 0, 0, 2, 282.03
1503731802, 610, 3, 6, 0, 0, 6.29%, 0, 0, 2, 283.91
1503731807, 611, 0, 6, 0, 0, 6.29%, 0, 0, 2, 284.57
1503731812, 611, 3, 6, 0, 0, 6.29%, 0, 0, 2, 280.28
1503731818, 612, 0, 6, 0, 0, 6.29%, 0, 0, 2, 283.97
1503731823, 612, 3, 6, 0, 0, 6.29%, 0, 0, 2, 277.96
1503731828, 613, 0, 6, 0, 0, 6.29%, 0, 0, 2, 279.93
1503731833, 613, 3, 6, 0, 0, 6.29%, 0, 0, 2, 275.79
1503731838, 614, 0, 6, 0, 0, 6.29%, 0, 0, 2, 268.01
1503731843, 614, 3, 6, 0, 0, 6.29%, 0, 0, 2, 280.18
1503731848, 615, 1, 6, 0, 0, 6.29%, 0, 0, 2, 279.72
1503731853, 615, 4, 6, 0, 0, 6.29%, 0, 0, 2, 271.88
1503731858, 616, 1, 6, 0, 0, 6.29%, 0, 0, 2, 281.94
1503731863, 616, 4, 6, 0, 0, 6.29%, 0, 0, 2, 279.15
1503731868, 617, 1, 6, 0, 0, 6.29%, 0, 0, 2, 283.96
1503731873, 617, 4, 6, 0, 0, 6.29%, 0, 0, 2, 284.92
1503731878, 618, 1, 6, 0, 0, 6.29%, 0, 0, 2, 283.18
1503731883, 618, 4, 6, 0, 0, 6.29%, 0, 0, 2, 281.78
1503731888, 619, 1, 6, 0, 0, 6.29%, 0, 0, 2, 282.43
1503731894, 619, 4, 6, 0, 0, 6.29%, 0, 0, 2, 279.21
1503731899, 620, 1, 6, 0, 0, 6.29%, 0, 0, 2, 276.48
1503731904, 620, 4, 6, 0, 0, 6.29%, 0, 0, 2, 282.84
1503731909, 621, 1, 6, 0, 0, 6.29%, 0, 0, 2, 283.98
1503731914, 621, 5, 6, 0, 0, 6.29%, 0, 0, 2, 282.48
1503731919, 622, 2, 6, 0, 0, 6.29%, 0, 0, 2, 274.60
1503731924, 622, 5, 6, 0, 0, 6.29%, 0, 0, 2, 275.52
1503731929, 623, 2, 6, 0, 0, 6.29%, 0, 0, 2, 273.33
1503731934, 624, 0, 6, 0, 0, 6.29%, 0, 0, 2, 271.56
1503731939, 624, 2, 6, 0, 0, 6.29%, 0, 0, 2, 281.40
1503731944, 625, 0, 6, 0, 0, 6.29%, 0, 0, 2, 283.59
1503731950, 625, 2, 6, 0, 0, 6.29%, 0, 0, 2, 283.71
1503731955, 626, 0, 6, 0, 0, 6.29%, 0, 0, 2, 282.71
1503731960, 626, 2, 6, 0, 0, 6.29%, 0, 0, 2, 270.24
1503731965, 627, 0, 6, 0, 0, 6.29%, 0, 0, 2, 274.28
1503731970, 627, 2, 6, 0, 0, 6.29%, 0, 0, 2, 277.00
1503731975, 628, 0, 6, 0, 0, 6.29%, 0, 0, 2, 279.92
1503731980, 628, 3, 6, 0, 0, 6.29%, 0, 0, 2, 281.59
1503731986, 629, 0, 6, 0, 0, 6.29%, 0, 0, 2, 275.88
1503731991, 629, 3, 6, 0, 0, 6.29%, 0, 0, 2, 277.52
1503731996, 630, 0, 6, 0, 0, 6.29%, 0, 0, 2, 279.80
1503732001, 630, 2, 6, 0, 0, 6.29%, 0, 0, 2, 278.28
1503732006, 631, 0, 6, 0, 0, 6.29%, 0, 0, 2, 282.19
1503732011, 631, 3, 6, 0, 0, 6.29%, 0, 0, 2, 283.40
1503732016, 632, 0, 6, 0, 0, 6.29%, 0, 0, 2, 279.23
1503732021, 632, 3, 6, 0, 0, 6.29%, 0, 0, 2, 275.57
1503732026, 633, 0, 6, 0, 0, 6.29%, 0, 0, 2, 275.79
1503732032, 633, 3, 6, 0, 0, 6.29%, 0, 0, 2, 266.47
1503732037, 634, 1, 6, 0, 0, 6.29%, 0, 0, 2, 276.98
1503732042, 634, 3, 6, 0, 0, 6.29%, 0, 0, 2, 283.64
1503732047, 635, 1, 6, 0, 0, 6.29%, 0, 0, 2, 285.05
1503732052, 635, 4, 6, 0, 0, 6.29%, 0, 0, 2, 278.06
1503732057, 636, 1, 6, 0, 0, 6.29%, 0, 0, 2, 280.88
1503732062, 636, 4, 6, 0, 0, 6.29%, 0, 0, 2, 282.62
1503732067, 637, 1, 6, 0, 0, 6.29%, 0, 0, 2, 270.96
1503732072, 637, 4, 6, 0, 0, 6.29%, 0, 0, 2, 285.67
1503732077, 638, 1, 6, 0, 0, 6.29%, 0, 0, 2, 278.23
1503732082, 638, 5, 6, 0, 0, 6.29%, 0, 0, 2, 282.66
1503732087, 639, 1, 6, 0, 0, 6.29%, 0, 0, 2, 281.52
1503732092, 639, 5, 6, 0, 0, 6.29%, 0, 0, 2, 283.21
1503732097, 640, 2, 6, 0, 0, 6.29%, 0, 0, 2, 277.25
1503732103, 640, 5, 6, 0, 0, 6.29%, 0, 0, 2, 273.59
1503732108, 641, 2, 6, 0, 0, 6.29%, 0, 0, 2, 282.41
1503732113, 642, 0, 6, 0, 0, 6.29%, 0, 0, 2, 273.09
1503732118, 642, 2, 6, 0, 0, 6.29%, 0, 0, 2, 264.55
1503732123, 643, 0, 6, 0, 0, 6.29%, 0, 0, 2, 273.41
1503732128, 643, 2, 6, 0, 0, 6.29%, 0, 0, 2, 274.17
1503732133, 644, 0, 6, 0, 0, 6.29%, 0, 0, 2, 282.73
1503732138, 644, 3, 6, 0, 0, 6.29%, 0, 0, 2, 284.73
1503732144, 645, 1, 6, 0, 0, 6.29%, 0, 0, 2, 281.18
1503732149, 645, 4, 6, 0, 0, 6.29%, 0, 0, 2, 284.32
1503732154, 646, 1, 6, 0, 0, 6.29%, 0, 0, 2, 284.65
1503732159, 646, 4, 6, 0, 0, 6.29%, 0, 0, 2, 284.55
1503732164, 647, 1, 6, 0, 0, 6.29%, 0, 0, 2, 281.58
1503732169, 647, 4, 6, 0, 0, 6.29%, 0, 0, 2, 268.57
1503732175, 648, 2, 6, 0, 0, 6.29%, 0, 0, 2, 281.25
1503732180, 648, 5, 6, 0, 0, 6.29%, 0, 0, 2, 283.98
1503732185, 649, 2, 6, 0, 0, 6.29%, 0, 0, 2, 281.86
1503732190, 649, 5, 6, 0, 0, 6.29%, 0, 0, 2, 276.60
1503732195, 650, 2, 6, 0, 0, 6.29%, 0, 0, 2, 270.54
1503732200, 651, 0, 6, 0, 0, 6.29%, 0, 0, 2, 266.22
1503732205, 651, 2, 6, 0, 0, 6.29%, 0, 0, 2, 271.19
1503732210, 652, 0, 6, 0, 0, 6.29%, 0, 0, 2, 275.41
1503732215, 652, 3, 6, 0, 0, 6.29%, 0, 0, 2, 285.43
1503732220, 653, 0, 6, 0, 0, 6.29%, 0, 0, 2, 285.83
1503732226, 653, 3, 6, 0, 0, 6.29%, 0, 0, 2, 280.12
1503732231, 654, 0, 6, 0, 0, 6.29%, 0, 0, 2, 279.41
1503732236, 654, 3, 6, 0, 0, 6.29%, 0, 0, 2, 281.27
1503732241, 655, 0, 6, 0, 0, 6.29%, 0, 0, 2, 275.59
1503732246, 655, 3, 6, 0, 0, 6.29%, 0, 0, 2, 284.03
1503732251, 656, 1, 6, 0, 0, 6.29%, 0, 0, 2, 285.30
1503732256, 656, 4, 6, 0, 0, 6.29%, 0, 0, 2, 280.82
1503732261, 657, 1, 6, 0, 0, 6.29%, 0, 0, 2, 284.63
1503732266, 657, 4, 6, 0, 0, 6.29%, 0, 0, 2, 284.44
1503732271, 658, 1, 6, 0, 0, 6.29%, 0, 0, 2, 280.98
1503732276, 658, 4, 6, 0, 0, 6.29%, 0, 0, 2, 281.48
1503732282, 659, 1, 6, 0, 0, 6.29%, 0, 0, 2, 275.33
1503732287, 659, 4, 6, 0, 0, 6.29%, 0, 0, 2, 284.59
1503732292, 660, 1, 6, 0, 0, 6.29%, 0, 0, 2, 279.40
1503732297, 660, 5, 6, 0, 0, 6.29%, 0, 0, 2, 282.77
1503732302, 661, 2, 6, 0, 0, 6.29%, 0, 0, 2, 276.89
1503732307, 661, 4, 6, 0, 0, 6.29%, 0, 0, 2, 278.21
1503732312, 662, 1, 6, 0, 0, 6.29%, 0, 0, 2, 275.95
1503732318, 662, 5, 6, 0, 0, 6.29%, 0, 0, 2, 279.81
1503732323, 663, 2, 6, 0, 0, 6.29%, 0, 0, 2, 277.08
1503732328, 663, 5, 6, 0, 0, 6.29%, 0, 0, 2, 282.04
1503732333, 664, 2, 6, 0, 0, 6.29%, 0, 0, 2, 282.57
1503732338, 665, 0, 6, 0, 0, 6.29%, 0, 0, 2, 283.68
1503732343, 665, 2, 6, 0, 0, 6.29%, 0, 0, 2, 272.56
1503732348, 666, 0, 6, 0, 0, 6.29%, 0, 0, 2, 284.96
1503732353, 666, 2, 6, 0, 0, 6.29%, 0, 0, 2, 279.88
1503732358, 667, 0, 6, 0, 0, 6.29%, 0, 0, 2, 276.18
1503732363, 667, 3, 6, 0, 0, 6.29%, 0, 0, 2, 282.11
1503732368, 668, 0, 6, 0, 0, 6.29%, 0, 0, 2, 274.02
1503732373, 668, 3, 6, 0, 0, 6.29%, 0, 0, 2, 277.30
1503732379, 669, 0, 6, 0, 0, 6.29%, 0, 0, 2, 276.09
1503732384, 669, 3, 6, 0, 0, 6.29%, 0, 0, 2, 282.32
1503732389, 670, 0, 6, 0, 0, 6.29%, 0, 0, 2, 274.14
1503732394, 670, 3, 6, 0, 0, 6.29%, 0, 0, 2, 282.02
1503732399, 671, 1, 6, 0, 0, 6.29%, 0, 0, 2, 274.45
1503732404, 671, 3, 6, 0, 0, 6.29%, 0, 0, 2, 273.26
1503732409, 672, 0, 6, 0, 0, 6.29%, 0, 0, 2, 270.42
1503732414, 672, 3, 6, 0, 0, 6.29%, 0, 0, 2, 270.41
1503732419, 673, 0, 6, 0, 0, 6.29%, 0, 0, 2, 276.52
1503732424, 673, 3, 6, 0, 0, 6.29%, 0, 0, 2, 276.73
1503732430, 674, 0, 6, 0, 0, 6.29%, 0, 0, 2, 281.03
1503732435, 674, 3, 6, 0, 0, 6.29%, 0, 0, 2, 280.75
1503732440, 675, 1, 6, 0, 0, 6.29%, 0, 0, 2, 281.17
1503732445, 675, 3, 6, 0, 0, 6.29%, 0, 0, 2, 279.15
1503732450, 676, 1, 6, 0, 0, 6.29%, 0, 0, 2, 281.21
1503732455, 676, 3, 6, 0, 0, 6.29%, 0, 0, 2, 281.39
1503732460, 677, 1, 6, 0, 0, 6.29%, 0, 0, 2, 283.82
1503732465, 677, 3, 6, 0, 0, 6.29%, 0, 0, 2, 283.70
1503732470, 678, 1, 6, 0, 0, 6.29%, 0, 0, 2, 271.28
1503732475, 678, 3, 6, 0, 0, 6.29%, 0, 0, 2, 24.39
1503732480, 679, 1, 6, 0, 0, 6.29%, 0, 0, 2, 24.88
1503732486, 679, 4, 6, 0, 0, 6.29%, 0, 0, 2, 282.18
1503732491, 680, 1, 6, 0, 0, 6.29%, 0, 0, 2, 283.10
1503732496, 680, 4, 6, 0, 0, 6.29%, 0, 0, 2, 283.60
1503732501, 681, 1, 6, 0, 0, 6.29%, 0, 0, 2, 271.81
1503732506, 681, 4, 6, 0, 0, 6.29%, 0, 0, 2, 280.83
1503732511, 682, 1, 6, 0, 0, 6.29%, 0, 0, 2, 283.68
1503732516, 682, 5, 6, 0, 0, 6.29%, 0, 0, 2, 284.21
1503732521, 683, 2, 6, 0, 0, 6.29%, 0, 0, 2, 283.77
1503732526, 683, 5, 6, 0, 0, 6.29%, 0, 0, 2, 283.27
1503732531, 684, 2, 6, 0, 0, 6.29%, 0, 0, 2, 285.67
1503732536, 685, 0, 6, 0, 0, 6.29%, 0, 0, 2, 284.27
1503732541, 685, 2, 6, 0, 0, 6.29%, 0, 0, 2, 278.24
1503732547, 686, 0, 6, 0, 0, 6.29%, 0, 0, 2, 275.00
1503732552, 686, 3, 6, 0, 0, 6.29%, 0, 0, 2, 282.93
1503732557, 687, 0, 6, 0, 0, 6.29%, 0, 0, 2, 281.87
1503732562, 687, 2, 6, 0, 0, 6.29%, 0, 0, 2, 276.35
1503732567, 688, 0, 6, 0, 0, 6.29%, 0, 0, 2, 274.86
1503732572, 688, 3, 6, 0, 0, 6.29%, 0, 0, 2, 282.76
1503732578, 689, 1, 6, 0, 0, 6.29%, 0, 0, 2, 284.70
1503732583, 689, 4, 6, 0, 0, 6.29%, 0, 0, 2, 284.83
1503732588, 690, 1, 6, 0, 0, 6.29%, 0, 0, 2, 280.71
1503732593, 690, 3, 6, 0, 0, 6.29%, 0, 0, 2, 277.83
1503732598, 691, 1, 6, 0, 0, 6.29%, 0, 0, 2, 285.17
1503732603, 691, 4, 6, 0, 0, 6.29%, 0, 0, 2, 285.16
1503732608, 692, 1, 6, 0, 0, 6.29%, 0, 0, 2, 285.20
1503732613, 692, 4, 6, 0, 0, 6.29%, 0, 0, 2, 285.20
1503732619, 693, 1, 6, 0, 0, 6.29%, 0, 0, 2, 277.75
1503732624, 693, 4, 6, 0, 0, 6.29%, 0, 0, 2, 274.16
1503732629, 694, 1, 6, 0, 0, 6.29%, 0, 0, 2, 282.36
1503732634, 694, 4, 6, 0, 0, 6.29%, 0, 0, 2, 285.04
1503732639, 695, 1, 6, 0, 0, 6.29%, 0, 0, 2, 274.08
1503732644, 695, 4, 6, 0, 0, 6.29%, 0, 0, 2, 285.37
1503732649, 696, 1, 6, 0, 0, 6.29%, 0, 0, 2, 281.15
1503732654, 696, 4, 6, 0, 0, 6.29%, 0, 0, 2, 277.41
1503732659, 697, 1, 6, 0, 0, 6.29%, 0, 0, 2, 280.67
1503732664, 697, 4, 6, 0, 0, 6.29%, 0, 0, 2, 282.62
1503732669, 698, 1, 6, 0, 0, 6.29%, 0, 0, 2, 276.93
1503732674, 698, 4, 6, 0, 0, 6.29%, 0, 0, 2, 278.41
1503732679, 699, 1, 6, 0, 0, 6.29%, 0, 0, 2, 279.12
1503732684, 699, 4, 6, 0, 0, 6.29%, 0, 0, 2, 282.79
1503732689, 700, 1, 6, 0, 0, 6.29%, 0, 0, 2, 281.61
1503732694, 700, 5, 6, 0, 0, 6.29%, 0, 0, 2, 281.35
1503732699, 701, 2, 6, 0, 0, 6.29%, 0, 0, 2, 282.42
1503732705, 701, 5, 6, 0, 0, 6.29%, 0, 0, 2, 282.76
1503732710, 702, 2, 6, 0, 0, 6.29%, 0, 0, 2, 286.10
1503732715, 703, 0, 6, 0, 0, 6.29%, 0, 0, 2, 280.10
1503732720, 703, 3, 6, 0, 0, 6.29%, 0, 0, 2, 276.21
1503732725, 704, 0, 6, 0, 0, 6.29%, 0, 0, 2, 279.06
1503732730, 704, 3, 6, 0, 0, 6.29%, 0, 0, 2, 276.38
1503732735, 705, 0, 6, 0, 0, 6.29%, 0, 0, 2, 287.17
1503732741, 705, 3, 6, 0, 0, 6.29%, 0, 0, 2, 286.05
1503732746, 706, 1, 6, 0, 0, 6.29%, 0, 0, 2, 287.21
1503732751, 706, 3, 6, 0, 0, 6.29%, 0, 0, 2, 276.91
1503732756, 707, 1, 6, 0, 0, 6.29%, 0, 0, 2, 287.13
1503732761, 707, 4, 6, 0, 0, 6.29%, 0, 0, 2, 287.12
1503732766, 708, 1, 6, 0, 0, 6.29%, 0, 0, 2, 286.57
1503732771, 708, 4, 6, 0, 0, 6.29%, 0, 0, 2, 277.68
1503732776, 709, 1, 6, 0, 0, 6.29%, 0, 0, 2, 284.24
1503732781, 709, 4, 6, 0, 0, 6.29%, 0, 0, 2, 278.01
1503732786, 710, 2, 6, 0, 0, 6.29%, 0, 0, 2, 275.19
1503732792, 710, 5, 6, 0, 0, 6.29%, 0, 0, 2, 284.73
1503732797, 711, 2, 6, 0, 0, 6.29%, 0, 0, 2, 285.88
1503732802, 711, 5, 6, 0, 0, 6.29%, 0, 0, 2, 280.06
1503732807, 712, 2, 6, 0, 0, 6.29%, 0, 0, 2, 284.66
1503732812, 713, 0, 6, 0, 0, 6.29%, 0, 0, 2, 283.96
1503732818, 713, 3, 6, 0, 0, 6.29%, 0, 0, 2, 281.84
1503732823, 714, 0, 6, 0, 0, 6.29%, 0, 0, 2, 286.37
1503732828, 714, 3, 6, 0, 0, 6.29%, 0, 0, 2, 286.45
1503732833, 715, 1, 6, 0, 0, 6.29%, 0, 0, 2, 281.16
1503732838, 715, 3, 6, 0, 0, 6.29%, 0, 0, 2, 285.06
1503732843, 716, 1, 6, 0, 0, 6.29%, 0, 0, 2, 283.99
1503732849, 716, 4, 6, 0, 0, 6.29%, 0, 0, 2, 282.63
1503732854, 717, 1, 6, 0, 0, 6.29%, 0, 0, 2, 278.91
1503732859, 717, 4, 6, 0, 0, 6.29%, 0, 0, 2, 280.58
1503732864, 718, 1, 6, 0, 0, 6.29%, 0, 0, 2, 280.00
1503732869, 718, 4, 6, 0, 0, 6.29%, 0, 0, 2, 278.67
1503732874, 719, 1, 6, 0, 0, 6.29%, 0, 0, 2, 285.58
1503732879, 720, 0, 6, 0, 0, 6.29%, 0, 0, 2, 280.05
1503732884, 720, 2, 6, 0, 0, 6.29%, 0, 0, 2, 279.42
1503732890, 721, 0, 6, 0, 0, 6.29%, 0, 0, 2, 279.59
1503732895, 721, 2, 6, 0, 0, 6.29%, 0, 0, 2, 274.21
1503732900, 722, 0, 6, 0, 0, 6.29%, 0, 0, 2, 283.45
1503732905, 722, 2, 6, 0, 0, 6.29%, 0, 0, 2, 282.44
1503732910, 723, 0, 6, 0, 0, 6.29%, 0, 0, 2, 285.56
1503732915, 723, 3, 6, 0, 0, 6.29%, 0, 0, 2, 285.76
1503732920, 724, 0, 6, 0, 0, 6.29%, 0, 0, 2, 274.91
1503732925, 724, 3, 6, 0, 0, 6.29%, 0, 0, 2, 283.43
1503732931, 725, 1, 6, 0, 0, 6.29%, 0, 0, 2, 285.39
1503732936, 725, 3, 6, 0, 0, 6.29%, 0, 0, 2, 283.78
1503732941, 726, 1, 6, 0, 0, 6.29%, 0, 0, 2, 285.89
1503732946, 726, 3, 6, 0, 0, 6.29%, 0, 0, 2, 283.34
1503732951, 727, 1, 6, 0, 0, 6.29%, 0, 0, 2, 268.21
1503732956, 727, 4, 6, 0, 0, 6.29%, 0, 0, 2, 271.62
1503732962, 728, 1, 6, 0, 0, 6.29%, 0, 0, 2, 280.63
1503732967, 728, 4, 6, 0, 0, 6.29%, 0, 0, 2, 283.33
1503732972, 729, 1, 6, 0, 0, 6.29%, 0, 0, 2, 285.16
1503732977, 729, 4, 6, 0, 0, 6.29%, 0, 0, 2, 279.26
1503732982, 730, 1, 6, 0, 0, 6.29%, 0, 0, 2, 284.14
1503732987, 730, 4, 6, 0, 0, 6.29%, 0, 0, 2, 279.47
1503732993, 731, 1, 6, 0, 0, 6.29%, 0, 0, 2, 266.75
1503732998, 731, 4, 6, 0, 0, 6.29%, 0, 0, 2, 272.51
1503733003, 732, 1, 6, 0, 0, 6.29%, 0, 0, 2, 273.92
1503733008, 732, 4, 6, 0, 0, 6.29%, 0, 0, 2, 268.28
1503733013, 733, 1, 6, 0, 0, 6.29%, 0, 0, 2, 280.81
1503733018, 733, 5, 6, 0, 0, 6.29%, 0, 0, 2, 283.36
1503733023, 734, 2, 6, 0, 0, 6.29%, 0, 0, 2, 282.80
1503733028, 734, 5, 6, 0, 0, 6.29%, 0, 0, 2, 278.48
1503733033, 735, 2, 6, 0, 0, 6.29%, 0, 0, 2, 283.53
1503733039, 735, 5, 6, 0, 0, 6.29%, 0, 0, 2, 282.52
1503733044, 736, 2, 6, 0, 0, 6.29%, 0, 0, 2, 281.04
1503733049, 736, 5, 6, 0, 0, 6.29%, 0, 0, 2, 280.95
1503733054, 737, 2, 6, 0, 0, 6.29%, 0, 0, 2, 277.50
1503733059, 737, 5, 6, 0, 0, 6.29%, 0, 0, 2, 275.05
1503733064, 738, 2, 6, 0, 0, 6.29%, 0, 0, 2, 283.52
1503733069, 739, 0, 6, 0, 0, 6.29%, 0, 0, 2, 285.38
1503733074, 739, 2, 6, 0, 0, 6.29%, 0, 0, 2, 278.88
1503733079, 740, 0, 6, 0, 0, 6.29%, 0, 0, 2, 279.69
1503733085, 740, 2, 6, 0, 0, 6.29%, 0, 0, 2, 278.73
1503733090, 741, 0, 6, 0, 0, 6.29%, 0, 0, 2, 272.75
1503733095, 741, 3, 6, 0, 0, 6.29%, 0, 0, 2, 266.94
1503733100, 742, 1, 6, 0, 0, 6.29%, 0, 0, 2, 268.02
1503733105, 742, 3, 6, 0, 0, 6.29%, 0, 0, 2, 265.58
1503733110, 743, 1, 6, 0, 0, 6.29%, 0, 0, 2, 271.11
1503733115, 743, 4, 6, 0, 0, 6.29%, 0, 0, 2, 278.06
1503733120, 744, 1, 6, 0, 0, 6.29%, 0, 0, 2, 283.68
1503733125, 744, 4, 6, 0, 0, 6.29%, 0, 0, 2, 278.50
1503733130, 745, 1, 6, 0, 0, 6.29%, 0, 0, 2, 284.34
1503733135, 745, 4, 6, 0, 0, 6.29%, 0, 0, 2, 284.08
1503733141, 746, 1, 6, 0, 0, 6.29%, 0, 0, 2, 281.20
1503733146, 746, 4, 6, 0, 0, 6.29%, 0, 0, 2, 279.01
1503733151, 747, 1, 6, 0, 0, 6.29%, 0, 0, 2, 277.65
1503733156, 747, 5, 6, 0, 0, 6.29%, 0, 0, 2, 286.24
1503733161, 748, 2, 6, 0, 0, 6.29%, 0, 0, 2, 285.75
1503733166, 748, 5, 6, 0, 0, 6.29%, 0, 0, 2, 282.47
1503733171, 749, 2, 6, 0, 0, 6.29%, 0, 0, 2, 281.40
1503733176, 750, 0, 6, 0, 0, 6.29%, 0, 0, 2, 281.27
1503733181, 750, 3, 6, 0, 0, 6.29%, 0, 0, 2, 282.54
1503733186, 751, 0, 6, 0, 0, 6.29%, 0, 0, 2, 282.61
1503733191, 751, 3, 6, 0, 0, 6.29%, 0, 0, 2, 276.98
1503733197, 752, 1, 6, 0, 0, 6.29%, 0, 0, 2, 273.78
1503733202, 752, 4, 6, 0, 0, 6.29%, 0, 0, 2, 284.69
1503733207, 753, 1, 6, 0, 0, 6.29%, 0, 0, 2, 283.99
1503733212, 753, 4, 6, 0, 0, 6.29%, 0, 0, 2, 284.03
1503733217, 754, 2, 6, 0, 0, 6.29%, 0, 0, 2, 283.11
1503733222, 754, 4, 6, 0, 0, 6.29%, 0, 0, 2, 282.50
1503733227, 755, 1, 6, 0, 0, 6.29%, 0, 0, 2, 276.58
1503733232, 755, 4, 6, 0, 0, 6.29%, 0, 0, 2, 271.87
1503733237, 756, 1, 6, 0, 0, 6.29%, 0, 0, 2, 280.53
1503733242, 756, 4, 6, 0, 0, 6.29%, 0, 0, 2, 284.53
1503733247, 757, 2, 6, 0, 0, 6.29%, 0, 0, 2, 284.53
1503733253, 757, 5, 6, 0, 0, 6.29%, 0, 0, 2, 283.48
1503733258, 758, 2, 6, 0, 0, 6.29%, 0, 0, 2, 284.71
1503733263, 758, 5, 6, 0, 0, 6.29%, 0, 0, 2, 284.77
1503733268, 759, 2, 6, 0, 0, 6.29%, 0, 0, 2, 285.62
1503733273, 760, 0, 6, 0, 0, 6.29%, 0, 0, 2, 285.41
1503733278, 760, 3, 6, 0, 0, 6.29%, 0, 0, 2, 279.31
1503733283, 761, 1, 6, 0, 0, 6.29%, 0, 0, 2, 275.89
1503733289, 761, 4, 6, 0, 0, 6.29%, 0, 0, 2, 277.01
1503733294, 762, 1, 6, 0, 0, 6.29%, 0, 0, 2, 284.85
1503733299, 762, 4, 6, 0, 0, 6.29%, 0, 0, 2, 278.93
1503733304, 763, 1, 6, 0, 0, 6.29%, 0, 0, 2, 285.51
1503733309, 763, 5, 6, 0, 0, 6.29%, 0, 0, 2, 278.20
1503733314, 764, 2, 6, 0, 0, 6.29%, 0, 0, 2, 275.45
1503733319, 764, 4, 6, 0, 0, 6.29%, 0, 0, 2, 275.14
1503733324, 765, 1, 6, 0, 0, 6.29%, 0, 0, 2, 274.72
1503733329, 765, 4, 6, 0, 0, 6.29%, 0, 0, 2, 274.66
1503733334, 766, 1, 6, 0, 0, 6.29%, 0, 0, 2, 281.16
1503733339, 766, 4, 6, 0, 0, 6.29%, 0, 0, 2, 280.84
1503733345, 767, 1, 6, 0, 0, 6.29%, 0, 0, 2, 282.83
1503733350, 767, 4, 6, 0, 0, 6.29%, 0, 0, 2, 274.75
1503733355, 768, 1, 6, 0, 0, 6.29%, 0, 0, 2, 275.17
1503733360, 768, 4, 6, 0, 0, 6.29%, 0, 0, 2, 267.06
1503733365, 769, 1, 6, 0, 0, 6.29%, 0, 0, 2, 269.72
1503733370, 769, 4, 6, 0, 0, 6.29%, 0, 0, 2, 266.76
1503733375, 770, 1, 6, 0, 0, 6.29%, 0, 0, 2, 272.48
1503733380, 770, 5, 6, 0, 0, 6.29%, 0, 0, 2, 274.05
1503733385, 771, 2, 6, 0, 0, 6.29%, 0, 0, 2, 279.89
1503733390, 771, 4, 6, 0, 0, 6.29%, 0, 0, 2, 270.02
1503733395, 772, 1, 6, 0, 0, 6.29%, 0, 0, 2, 265.36
1503733400, 772, 4, 6, 0, 0, 6.29%, 0, 0, 2, 270.00
1503733405, 773, 1, 6, 0, 0, 6.29%, 0, 0, 2, 274.28
1503733411, 773, 5, 6, 0, 0, 6.29%, 0, 0, 2, 274.64
1503733416, 774, 2, 6, 0, 0, 6.29%, 0, 0, 2, 272.67
1503733421, 774, 5, 6, 0, 0, 6.29%, 0, 0, 2, 275.56
1503733426, 775, 2, 6, 0, 0, 6.29%, 0, 0, 2, 280.73
1503733431, 775, 5, 6, 0, 0, 6.29%, 0, 0, 2, 280.08
1503733436, 776, 2, 6, 0, 0, 6.29%, 0, 0, 2, 281.00
1503733441, 776, 5, 6, 0, 0, 6.29%, 0, 0, 2, 279.86
1503733446, 777, 2, 6, 0, 0, 6.29%, 0, 0, 2, 279.25
1503733451, 777, 5, 6, 0, 0, 6.29%, 0, 0, 2, 273.92
1503733456, 778, 2, 6, 0, 0, 6.29%, 0, 0, 2, 272.02
1503733462, 779, 0, 6, 0, 0, 6.29%, 0, 0, 2, 276.08
1503733467, 779, 2, 6, 0, 0, 6.29%, 0, 0, 2, 262.50
1503733472, 780, 0, 6, 0, 0, 6.29%, 0, 0, 2, 273.49
1503733477, 780, 3, 6, 0, 0, 6.29%, 0, 0, 2, 48.31
1503733482, 781, 0, 6, 0, 0, 6.29%, 0, 0, 2, 274.66
1503733487, 781, 3, 6, 0, 0, 6.29%, 0, 0, 2, 276.05
1503733492, 782, 0, 6, 0, 0, 6.29%, 0, 0, 2, 274.35
1503733497, 782, 3, 6, 0, 0, 6.29%, 0, 0, 2, 281.70
1503733502, 783, 0, 6, 0, 0, 6.29%, 0, 0, 2, 278.91
1503733507, 783, 3, 6, 0, 0, 6.29%, 0, 0, 2, 273.43
1503733512, 784, 0, 6, 0, 0, 6.29%, 0, 0, 2, 282.29
1503733517, 784, 3, 6, 0, 0, 6.29%, 0, 0, 2, 275.48
1503733523, 785, 0, 6, 0, 0, 6.29%, 0, 0, 2, 273.19
1503733528, 785, 3, 6, 0, 0, 6.29%, 0, 0, 2, 280.51
1503733533, 786, 1, 6, 0, 0, 6.29%, 0, 0, 2, 281.02
1503733538, 786, 3, 6, 0, 0, 6.29%, 0, 0, 2, 278.18
1503733543, 787, 1, 6, 0, 0, 6.29%, 0, 0, 2, 278.16
