0 (32, 32)
1 (32, 33)
2 (32, 34)
3 (32, 35)
4 (32, 36)
5 (32, 37)
6 (32, 38)
7 (32, 39)
8 (32, 40)
9 (32, 41)
10 (32, 42)
11 (32, 43)
12 (32, 44)
13 (32, 45)
14 (32, 46)
15 (32, 47)
16 (32, 48)
17 (32, 49)
18 (32, 50)
19 (32, 51)
20 (32, 52)
21 (32, 53)
22 (32, 54)
23 (32, 55)
24 (32, 56)
25 (32, 57)
26 (32, 58)
27 (32, 59)
28 (32, 60)
29 (32, 61)
30 (32, 62)
31 (32, 63)
32 (64, 96)
33 (64, 97)
34 (64, 98)
35 (64, 99)
36 (64, 100)
37 (64, 101)
38 (64, 102)
39 (64, 103)
40 (64, 104)
41 (64, 105)
42 (64, 106)
43 (64, 107)
44 (64, 108)
45 (64, 109)
46 (64, 110)
47 (64, 111)
48 (64, 112)
49 (64, 113)
50 (64, 114)
51 (64, 115)
52 (64, 116)
53 (64, 117)
54 (64, 118)
55 (64, 119)
56 (64, 120)
57 (64, 121)
58 (64, 122)
59 (64, 123)
60 (64, 124)
61 (64, 125)
62 (64, 126)
63 (64, 127)
64 (32, 96)
65 (32, 97)
66 (32, 98)
67 (32, 99)
68 (32, 100)
69 (32, 101)
70 (32, 102)
71 (32, 103)
72 (32, 104)
73 (32, 105)
74 (32, 106)
75 (32, 107)
76 (32, 108)
77 (32, 109)
78 (32, 110)
79 (32, 111)
80 (32, 112)
81 (32, 113)
82 (32, 114)
83 (32, 115)
84 (32, 116)
85 (32, 117)
86 (32, 118)
87 (32, 119)
88 (32, 120)
89 (32, 121)
90 (32, 122)
91 (32, 123)
92 (32, 124)
93 (32, 125)
94 (32, 126)
95 (32, 127)
96 (32, 64)
97 (32, 65)
98 (32, 66)
99 (32, 67)
100 (32, 68)
101 (32, 69)
102 (32, 70)
103 (32, 71)
104 (32, 72)
105 (32, 73)
106 (32, 74)
107 (32, 75)
108 (32, 76)
109 (32, 77)
110 (32, 78)
111 (32, 79)
112 (32, 80)
113 (32, 81)
114 (32, 82)
115 (32, 83)
116 (32, 84)
117 (32, 85)
118 (32, 86)
119 (32, 87)
120 (32, 88)
121 (32, 89)
122 (32, 90)
123 (32, 91)
124 (32, 92)
125 (32, 93)
126 (32, 94)
127 (32, 95)
128 (0, 0)
129 (0, 0)
130 (0, 0)
131 (0, 0)
132 (0, 0)
133 (0, 0)
134 (0, 0)
135 (0, 0)
136 (0, 0)
137 (0, 0)
138 (0, 0)
139 (0, 0)
140 (0, 0)
141 (0, 0)
142 (0, 0)
143 (0, 0)
144 (0, 0)
145 (0, 0)
146 (0, 0)
147 (0, 0)
148 (0, 0)
149 (0, 0)
150 (0, 0)
151 (0, 0)
152 (0, 0)
153 (0, 0)
154 (0, 0)
155 (0, 0)
156 (0, 0)
157 (0, 0)
158 (0, 0)
159 (0, 0)
160 (0, 0)
161 (0, 0)
162 (0, 0)
163 (0, 0)
164 (0, 0)
165 (0, 0)
166 (0, 0)
167 (0, 0)
168 (0, 0)
169 (0, 0)
170 (0, 0)
171 (0, 0)
172 (0, 0)
173 (0, 0)
174 (0, 0)
175 (0, 0)
176 (0, 0)
177 (0, 0)
178 (0, 0)
179 (0, 0)
180 (0, 0)
181 (0, 0)
182 (0, 0)
183 (0, 0)
184 (0, 0)
185 (0, 0)
186 (0, 0)
187 (0, 0)
188 (0, 0)
189 (0, 0)
190 (0, 0)
191 (0, 0)
192 (0, 0)
193 (0, 0)
194 (0, 0)
195 (0, 0)
196 (0, 0)
197 (0, 0)
198 (0, 0)
199 (0, 0)
200 (0, 0)
201 (0, 0)
202 (0, 0)
203 (0, 0)
204 (0, 0)
205 (0, 0)
206 (0, 0)
207 (0, 0)
208 (0, 0)
209 (0, 0)
210 (0, 0)
211 (0, 0)
212 (0, 0)
213 (0, 0)
214 (0, 0)
215 (0, 0)
216 (0, 0)
217 (0, 0)
218 (0, 0)
219 (0, 0)
220 (0, 0)
221 (0, 0)
222 (0, 0)
223 (0, 0)
224 (0, 0)
225 (0, 0)
226 (0, 0)
227 (0, 0)
228 (0, 0)
229 (0, 0)
230 (0, 0)
231 (0, 0)
232 (0, 0)
233 (0, 0)
234 (0, 0)
235 (0, 0)
236 (0, 0)
237 (0, 0)
238 (0, 0)
239 (0, 0)
240 (0, 0)
241 (0, 0)
242 (0, 0)
243 (0, 0)
244 (0, 0)
245 (0, 0)
246 (0, 0)
247 (0, 0)
248 (0, 0)
249 (0, 0)
250 (0, 0)
251 (0, 0)
252 (0, 0)
253 (0, 0)
254 (0, 0)
255 (0, 0)
