000000000000000000000000000000
111111101110001111111011111110
100000101001000000000010000010
101110101000001010000010111010
101110101101000010010010111010
101110101001010100000010111010
100000100100001001100010000010
111111101010101010101011111110
000000001011000001011000000000
010101101101111101110110111110
011100001111110111100010011110
111001101001011010000111010110
101010000101100000011100010110
001001110100001010101010010000
100011001100100001101000101000
101111111001011111110101110110
010011011011001010110110101010
001011101000011110101100111010
010101001100010001100000001010
010101100101001000000100000110
101100000101010110011001011010
111011101010011111101111111100
000000001000000001011000110110
111111100000001101101010101000
100000101100101011111000111010
101110100111011001001111111010
101110101011110101011010101100
101110100010000000101110100000
100000101100010011001100101100
111111100000010101001001010000
000000000000000000000000000000
